1566254626857 - Spirals Begun
570000 - 300, 218, 300, 238, 3200
580000 - 300, 218, 300, 218, 3200
590000 - 300, 218, 300, 218, 3200
600000 - 310, 182, 300, 218, 3200
610000 - 310, 182, 310, 182, 3200
620000 - 310, 182, 310, 182, 3200
630000 - 326, 149, 310, 182, 3200
640000 - 326, 149, 326, 149, 3200
650000 - 326, 149, 326, 149, 3200
660000 - 348, 118, 326, 149, 3200
670000 - 348, 118, 348, 118, 3200
680000 - 348, 118, 348, 118, 3200
690000 - 381, 91, 348, 118, 3200
700000 - 381, 91, 381, 91, 3200
710000 - 381, 91, 381, 91, 3200
720000 - 421, 74, 381, 91, 3200
730000 - 421, 74, 421, 74, 3200
740000 - 421, 74, 421, 74, 3200
750000 - 469, 66, 421, 74, 3200
760000 - 469, 66, 469, 66, 3200
770000 - 469, 66, 469, 66, 3200
780000 - 524, 75, 469, 66, 3200
790000 - 524, 75, 524, 75, 3200
800000 - 524, 75, 524, 75, 3200
810000 - 573, 102, 524, 75, 3200
820000 - 573, 102, 573, 102, 3200
830000 - 573, 102, 573, 102, 3200
840000 - 604, 136, 573, 102, 3200
850000 - 604, 136, 604, 136, 3200
860000 - 604, 136, 604, 136, 3200
870000 - 628, 183, 604, 136, 3200
880000 - 628, 183, 628, 183, 3200
890000 - 628, 183, 628, 183, 3200
900000 - 638, 243, 628, 183, 3200
910000 - 638, 243, 638, 243, 3200
920000 - 638, 243, 638, 243, 3200
930000 - 624, 294, 638, 243, 3200
940000 - 624, 294, 624, 294, 3200
950000 - 624, 294, 624, 294, 3200
960000 - 594, 334, 624, 294, 3200
970000 - 594, 334, 594, 334, 3200
980000 - 594, 334, 594, 334, 3200
990000 - 551, 368, 594, 334, 3200
1000000 - 551, 368, 551, 368, 3200
1010000 - 551, 368, 551, 368, 3200
1020000 - 498, 374, 551, 368, 3200
1030000 - 498, 374, 498, 374, 3200
1040000 - 498, 374, 498, 374, 3200
1050000 - 442, 369, 498, 374, 3200
1060000 - 442, 369, 442, 369, 3200
1070000 - 442, 369, 442, 369, 3200
1080000 - 399, 344, 442, 369, 3200
1090000 - 399, 344, 399, 344, 3200
1100000 - 399, 344, 399, 344, 3200
1110000 - 366, 305, 399, 344, 3200
1120000 - 366, 305, 366, 305, 3200
1130000 - 366, 305, 366, 305, 3200
1140000 - 348, 239, 366, 305, 3200
1150000 - 348, 239, 348, 239, 3200
1160000 - 348, 239, 348, 239, 3200
1170000 - 366, 170, 348, 239, 3200
1180000 - 366, 170, 366, 170, 3200
1190000 - 366, 170, 366, 170, 3200
1200000 - 418, 130, 366, 170, 3200
1210000 - 418, 130, 418, 130, 3200
1220000 - 418, 130, 418, 130, 3200
1230000 - 480, 114, 418, 130, 3200
1240000 - 480, 114, 480, 114, 3200
1250000 - 480, 114, 480, 114, 3200
1260000 - 544, 140, 480, 114, 3200
1270000 - 544, 140, 544, 140, 3200
1280000 - 544, 140, 544, 140, 3200
1290000 - 570, 169, 544, 140, 3200
1300000 - 570, 169, 570, 169, 3200
1310000 - 570, 169, 570, 169, 3200
1320000 - 580, 197, 570, 169, 3200
1330000 - 580, 197, 580, 197, 3200
1340000 - 580, 197, 580, 197, 3200
1350000 - 588, 233, 580, 197, 3200
1360000 - 588, 233, 588, 233, 3200
1370000 - 588, 233, 588, 233, 3200
1380000 - 584, 265, 588, 233, 3200
1390000 - 584, 265, 584, 265, 3200
1400000 - 584, 265, 584, 265, 3200
1410000 - 576, 290, 584, 265, 3200
1420000 - 576, 290, 576, 290, 3200
1430000 - 576, 290, 576, 290, 3200
1440000 - 552, 311, 576, 290, 3200
1450000 - 552, 311, 552, 311, 3200
1460000 - 552, 311, 552, 311, 3200
1470000 - 524, 323, 552, 311, 3200
1480000 - 524, 323, 524, 323, 3200
1490000 - 524, 323, 524, 323, 3200
1500000 - 493, 325, 524, 323, 3200
1510000 - 493, 325, 493, 325, 3200
1520000 - 493, 325, 493, 325, 3200
1530000 - 456, 319, 493, 325, 3200
1540000 - 456, 319, 456, 319, 3200
1550000 - 456, 319, 456, 319, 3200
1560000 - 422, 296, 456, 319, 3200
1570000 - 422, 296, 422, 296, 3200
1580000 - 422, 296, 422, 296, 3200
1590000 - 406, 275, 422, 296, 3200
1600000 - 406, 275, 406, 275, 3200
1610000 - 406, 275, 406, 275, 3200
1620000 - 402, 254, 406, 275, 3200
1630000 - 402, 254, 402, 254, 3200
1640000 - 402, 254, 402, 254, 3200
1650000 - 399, 228, 402, 254, 3200
1660000 - 399, 228, 399, 228, 3200
1670000 - 399, 228, 399, 228, 3200
1680000 - 400, 203, 399, 228, 3200
1690000 - 400, 203, 400, 203, 3200
1700000 - 400, 203, 400, 203, 3200
1710000 - 417, 179, 400, 203, 3200
1720000 - 417, 179, 417, 179, 3200
1730000 - 417, 179, 417, 179, 3200
1740000 - 456, 158, 417, 179, 3200
1750000 - 456, 158, 456, 158, 3200
1760000 - 456, 158, 456, 158, 3200
1770000 - 492, 165, 456, 158, 3200
1780000 - 492, 165, 492, 165, 3200
1790000 - 492, 165, 492, 165, 3200
1800000 - 519, 181, 492, 165, 3200
1810000 - 519, 181, 519, 181, 3200
1820000 - 519, 181, 519, 181, 3200
1830000 - 536, 205, 519, 181, 3200
1840000 - 536, 205, 536, 205, 3200
1850000 - 536, 205, 536, 205, 3200
1860000 - 540, 241, 536, 205, 3200
1870000 - 540, 241, 540, 241, 3200
1880000 - 540, 241, 540, 241, 3200
1890000 - 526, 263, 540, 241, 3200
1900000 - 526, 263, 526, 263, 3200
1910000 - 526, 263, 526, 263, 3200
1920000 - 498, 264, 526, 263, 3200
1930000 - 498, 264, 498, 264, 3200
1940000 - 498, 264, 498, 264, 3200
1950000 - 473, 248, 498, 264, 3200
1960000 - 473, 248, 473, 248, 3200
1970000 - 473, 248, 473, 248, 3200
1980000 - 474, 231, 473, 248, 3200
1990000 - 474, 231, 474, 231, 3200
2000000 - 474, 231, 474, 231, 3200

