380.13155617496426
383.88539956606843
383.88539956606843
383.88539956606843
383.88539956606843
383.88539956606843
383.88539956606843
383.88539956606843
383.88539956606843
383.88539956606843
383.88539956606843
383.88539956606843
383.88539956606843
383.88539956606843
383.88539956606843
383.88539956606843
383.88539956606843
383.88539956606843
383.88539956606843
383.88539956606843
383.88539956606843
383.88539956606843
382.4787575800779
381.0721716420657
379.6656423749718
379.0369375140106
379.0369375140106
379.0369375140106
377.63077205121937
377.63077205121937
377.00397875884545
377.00397875884545
376.3787985527346
376.3787985527346
375.7552394844282
375.7552394844282
375.13330963805384
375.13330963805384
375.2985478255944
375.2985478255944
375.2985478255944
375.4690400019687
375.4690400019687
376.25789028271555
376.4359175211632
376.4359175211632
377.2280477377047
376.61917104682817
377.41356626385334
378.2089369647417
377.60429022986483
378.4019027436305
378.4019027436305
378.4019027436305
379.2004746832472
379.2004746832472
378.6000528261981
379.40084343606827
379.40084343606827
379.40084343606827
378.80337907679757
378.80337907679757
379.6063750781854
379.0118731649445
379.0118731649445
378.41907985723975
377.828003197222
377.02121956197635
376.4306044943742
375.2545802518605
373.8582619121851
373.27335827781764
372.6902198877776
371.29503093900945
370.71417561242515
370.1351104664349
369.55784391621296
368.982384403375
367.589444897429
367.0163484097132
366.44508456247576
365.8756619399547
365.3080891521566
364.7423748346221
364.1785276481852
364.1785276481852
363.61655627872614
363.88597115030416
363.88597115030416
363.3290519625426
362.7740343519641
362.7740343519641
362.7740343519641
363.05509223807894
363.05509223807894
363.05509223807894
363.05509223807894
363.05509223807894
363.3414372184929
363.3414372184929
363.3414372184929
363.3414372184929
362.7947077894053
362.7947077894053
363.633056803146
363.633056803146
363.0895206419486
363.0895206419486
363.0895206419486
363.0895206419486
363.0895206419486
363.0895206419486
362.5479278660961
362.5479278660961
362.5479278660961
362.008287197959
362.008287197959
360.6272313622475
360.6272313622475
360.0902664610639
360.0902664610639
360.0902664610639
359.5552808679077
359.5552808679077
359.02228343098704
358.1759344232943
357.1134273588715
357.1134273588715
356.0589838776716
355.53480842246654
355.53480842246654
355.0126758300329
355.0126758300329
355.34771703220497
354.8309456628607
354.8309456628607
354.3162429243119
354.6632205346362
354.6632205346362
354.1539213392956
354.5095203235027
355.37304343464206
354.87039887823835
355.2365409132343
356.10391741737413
355.607930170293
355.9845502265513
355.9845502265513
355.9845502265513
356.36638449775256
356.36638449775256
357.2394155185007
357.62829865658
357.62829865658
357.62829865658
358.0223456713282
357.54300440646296
358.42153953131776
358.42153953131776
357.94552658190884
358.82586305894955
358.82586305894955
358.82586305894955
358.82586305894955
358.35317774508434
359.23529893372114
359.23529893372114
359.23529893372114
358.7659404124087
358.7659404124087
357.8337602854152
357.8337602854152
357.37095573087635
357.7988261579403
357.7988261579403
357.34157328807964
356.4337245547901
356.4337245547901
355.9831456684431
355.9845502265513
355.9845502265513
356.4393356519451
355.5629339512205
356.4631818294843
356.02949316032795
356.50105189185626
356.07302621793747
355.64729719203547
356.1305940241585
356.61884414595926
356.20218977429096
356.2878050116226
357.2002239640955
356.79265687511
357.30239293909017
357.41852218372793
358.33643409511126
358.8606972071475
358.4689665786984
359.00139275495854
359.5385931996731
359.5385931996731
360.46220328905497
361.00554012369395
360.6272313622475
361.55359215474544
362.10633797270106
362.10633797270106
363.03443362854716
363.59317925395686
363.59317925395686
364.5229759562489
364.156559737704
365.08766070630213
365.08766070630213
366.0191251833707
366.0191251833707
366.58968888936306
366.58968888936306
366.58968888936306
367.52278840909986
367.16481312892716
367.16481312892716
367.16481312892716
368.099171419877
368.099171419877
367.74447650508637
367.74447650508637
367.74447650508637
367.74447650508637
368.32865758721516
368.32865758721516
367.97961900083544
367.6329691417787
367.6329691417787
368.2281901212888
367.8872109764078
367.8872109764078
368.4901626909462
368.4901626909462
368.4901626909462
369.0975480818045
369.0975480818045
369.70934529708603
369.3805625638685
369.3805625638685
370.0
369.67688594230503
370.62379848034584
371.25193602188796
371.25193602188796
372.2002149381432
372.83374310810444
372.83374310810444
373.7833597152233
374.42222156276995
375.37314768107746
375.37314768107746
375.0653276430654
376.01728683665596
376.01728683665596
376.96949478704505
376.6656342168741
377.6188554614295
378.5723180582542
378.5723180582542
379.52602018833966
379.2268450413288
379.2268450413288
380.1815355853043
380.1815355853043
380.1815355853043
381.13645850272576
381.13645850272576
381.13645850272576
382.09161205135086
381.7970665157081
381.7970665157081
382.7531841800928
382.7531841800928
382.7531841800928
382.4617627946616
383.4188310451118
383.4188310451118
384.08853146117235
384.08853146117235
384.08853146117235
384.7622642619726
384.7622642619726
384.4801685392889
385.1610052951882
384.8843982288708
385.84582413186746
385.5723019097715
386.2641583165593
386.2641583165593
386.6949702284735
387.6596445337069
387.39772843939085
388.1043674065006
389.07068766485094
389.7819903484511
390.4971190674779
391.21605284037105
391.9387707282861
392.90838626835136
393.6356183070836
394.3665807342199
395.337830216133
396.07322555305353
398.0175875511031
398.7580720186113
398.7580720186113
400.47596681948346
401.44987233775527
401.44987233775527
403.17365985391456
404.14848756366763
405.123437979093
405.8780605058618
406.8537820888482
407.82962128810607
408.58903558465687
409.56562355744654
410.5423242492788
410.5423242492788
411.5191368575707
412.49606058724976
412.2838827798147
413.26141847503743
414.2390614126099
414.2390614126099
414.2390614126099
415.21681083501426
415.00843364924526
415.00843364924526
415.98677863605235
415.98677863605235
415.7811924558397
415.7811924558397
415.7811924558397
416.7601228524629
416.7601228524629
416.7601228524629
416.7601228524629
417.53682472328114
417.3367944478416
417.3367944478416
417.1390655404981
418.1196001146084
418.1196001146084
417.9246343540902
417.9246343540902
418.9057173159612
418.7135058724521
418.7135058724521
419.505661463585
419.505661463585
419.505661463585
420.4878119517854
420.30108255868197
420.30108255868197
421.283752357007
422.08293024001813
422.08293024001813
423.066188675011
423.869083562366
423.869083562366
424.85291572496004
425.8368232081392
426.82080549101636
427.8048620574572
428.78899239602686
429.7731959999367
429.7731959999367
430.75747236699215
431.74182099954135
431.74182099954135
432.7262414044242
432.7262414044242
433.7107330929222
433.7107330929222
434.8712453129087
434.8712453129087
435.85548063549686
435.85548063549686
436.8397875651896
436.8397875651896
437.8241656190302
437.8241656190302
437.8241656190302
437.8241656190302
437.8241656190302
438.80861431836087
438.80861431836087
438.80861431836087
439.79313318877547
439.79313318877547
439.6191533589045
439.6191533589045
440.6041307114585
440.6041307114585
440.6041307114585
441.41816908686485
441.41816908686485
442.4036618293298
442.4036618293298
443.22116375462036
443.0553012886766
444.04166471177
445.0280890011326
444.86514810670434
444.86514810670434
445.6915974078937
446.67885555508445
446.67885555508445
448.4963767969592
448.4963767969592
449.4841487750152
450.3176656539248
450.3176656539248
451.30588296630924
452.142676596669
453.1313275420273
453.1313275420273
454.9604378404786
455.94955861366947
455.94955861366947
456.93872674572026
457.927941929732
457.927941929732
458.9172038614373
458.9172038614373
459.90651223917234
459.90651223917234
459.90651223917234
460.89586676384937
460.89586676384937
461.88526713892924
461.88526713892924
462.8747130703945
463.02051790390453
464.00969817451016
464.00969817451016
464.00969817451016
464.9989247299396
464.9989247299396
464.9989247299396
464.9989247299396
464.9989247299396
464.9989247299396
464.9989247299396
464.9989247299396
464.9989247299396
465.98819727542457
465.98819727542457
465.98819727542457
465.98819727542457
465.98819727542457
465.98819727542457
466.1351735280229
466.1351735280229
466.1351735280229
466.1351735280229
466.1351735280229
466.1351735280229
467.1241804916547
467.1241804916547
468.11323416455554
468.11323416455554
470.09148045885706
471.08067249676037
472.0699100768868
473.05919291352956
474.0485207233538
475.0378932253721
477.0167711936342
478.99582461645736
479.98541644512494
481.96472899995496
482.9544491978514
483.944211660807
485.9238623488252
486.9137500625753
489.8836596580866
489.8836596580866
491.86380228677126
493.7053777304841
495.68639279286253
496.6769573877975
499.64887671243696
500.6395909234506
502.6211296792048
503.6119537898202
503.6119537898202
505.5937104039171
506.5846424833662
507.4426075922281
508.5666131393212
509.5576513015971
510.54872441325324
511.5398322711536
511.5398322711536
512.5309746737264
513.522151420949
513.522151420949
514.5133623143329
515.6374695461919
515.6374695461919
516.6284932134503
517.6195514081747
517.6195514081747
518.7446385265105
518.7446385265105
519.7355096585185
519.7355096585185
519.7355096585185
520.7264156925401
520.8617858895007
520.8617858895007
520.8617858895007
521.8524695735376
521.8524695735376
521.8524695735376
521.8524695735376
522.8431887287048
522.9799231328101
522.9799231328101
522.9799231328101
522.9799231328101
522.9799231328101
523.9704190123714
523.9704190123714
523.9704190123714
524.9609509287334
524.9609509287334
524.9609509287334
525.9515186782903
526.9421220589601
526.9421220589601
527.9327608701699
527.9327608701699
527.9327608701699
528.9234349128426
528.9234349128426
528.9234349128426
528.9234349128426
529.9141439893825
529.9141439893825
530.904887903662
530.904887903662
531.8956664610081
531.8956664610081
531.8956664610081
531.8956664610081
531.8956664610081
533.0225135958143
533.0225135958143
533.0225135958143
534.0131084533413
534.150727791323
535.1411028878272
535.2803004034429
536.2704541553636
536.4112228505292
536.4112228505292
536.4112228505292
537.5434866129438
537.5434866129438
537.5434866129438
537.6876416656794
538.6770832326172
538.6770832326172
538.8227909062496
538.8227909062496
539.9592577222841
540.1083224687433
540.1083224687433
541.2476327892807
541.2476327892807
542.3882373355823
543.3764809043541
543.5301279598032
543.5301279598032
544.5181356024792
544.5181356024792
545.6610669637334
545.6610669637334
546.6488818245218
546.80526698268
547.7928440569482
547.9507277118993
549.0974412615669
549.0974412615669
550.0845389574224
552.3812089490373
553.3678704081038
555.5042754110899
556.6551895024423
557.6414618731286
558.7933428379404
558.7933428379404
560.9322597248263
560.9322597248263
562.0862923075068
563.0719314616916
564.2269047112163
566.1978452802518
566.3682547600987
568.3388074027674
569.4953906749378
570.4804992285012
570.4804992285012
572.6229125698692
572.6229125698692
573.6078800016611
574.7660393586247
574.7660393586247
575.9253423838892
576.909871643743
576.909871643743
578.0700649575274
578.0700649575274
579.2313872710973
580.3938318073341
580.3938318073341
581.5573918367817
581.5573918367817
582.5409856825527
582.722060677301
582.9047949708425
583.8878316937253
584.0719133805356
585.0546982975181
585.2401216594775
586.4094132941592
586.4094132941592
586.5978179297977
587.5797818169036
587.5797818169036
588.7512208055283
588.7512208055283
589.9237238830118
589.9237238830118
590.905237749675
590.905237749675
592.0785420871119
592.0785420871119
593.0598620712752
593.2528971694956
594.2339606585945
594.2339606585945
595.215087174376
595.215087174376
596.3899730880794
596.3899730880794
597.3709065563872
597.3709065563872
598.5465729581952
598.5465729581952
598.5465729581952
598.5465729581952
599.7232695168664
599.7232695168664
600.9009901805788
600.9009901805788
600.9009901805788
602.0797289396148
602.2798352925324
603.2594798260529
603.4608520857007
603.6638137241622
603.6638137241622
604.8470881140125
604.8470881140125
605.0528902501004
606.0313523242836
606.2384019509157
606.4470298385507
607.6347587161222
607.8461976520048
607.8461976520048
609.0361237233798
609.250359047904
610.2270069408597
610.2270069408597
610.4424624811088
611.635512376448
611.8537406929862
613.0489376876858
613.0489376876858
614.2450651002416
615.4421175057813
615.4421175057813
616.8646529020771
616.8646529020771
618.0647215300353
619.2656941894973
619.2656941894973
620.4675656309522
620.6971886516001
621.6703306415708
622.1334262037365
623.1059299990652
624.3116209073798
624.3116209073798
624.5462352780617
625.7539452532441
625.9912139958516
627.2009247442162
627.4408338640385
627.4408338640385
628.6525272358332
628.8950627886977
628.8950627886977
630.1087207776131
630.353868870494
630.600507453015
630.600507453015
630.600507453015
631.8172204047623
632.0664522026145
632.3171672507398
632.5693637855061
632.8230400356802
633.078194222483
633.078194222483
633.3348245596479
633.5929292534759
633.852506502893
634.1135544995076
634.3760714276666
634.6400554645129
634.9055047800421
634.9055047800421
635.1724175371597
635.4407918917387
635.710625992676
636.6733856539003
637.2166036757046
637.2166036757046
637.4903920844612
637.7656309334958
637.7656309334958
639.0031298827886
639.2808459511359
639.2808459511359
640.5201011677932
640.8002808988149
641.0818980442358
642.3239058294499
642.6079675821021
643.8516909972358
643.8516909972358
645.0961168694166
645.3836068571931
645.3836068571931
646.9196240646901
648.1674166448048
648.459713474939
648.753420029521
648.753420029521
650.0038461424671
650.299930801165
650.299930801165
651.8504429698579
651.8504429698579
653.1041264607046
653.4049280499803
653.4049280499803
654.6602172119518
654.963357753699
654.963357753699
655.2678841512072
655.2678841512072
655.5737944732081
656.8325509595272
657.1407763942213
657.1407763942213
657.1407763942213
657.4503783556596
657.4503783556596
657.7613549000883
657.7613549000883
657.7613549000883
658.073704078806
658.073704078806
658.3874239382159
658.7025125198779
659.0189678605617
659.0189678605617
659.3367879922976
659.6559709424299
659.9765147336684
660.2984173841401
660.2984173841401
660.6216769074415
660.6216769074415
660.9462913126905
661.272258604578
661.272258604578
661.5995767834197
662.2582577816603
662.2582577816603
662.5896165802782
662.9223182243904
662.9223182243904
664.1987654309514
664.5336710807061
664.5336710807061
664.8699120880716
665.2074864281069
665.2074864281069
665.5463920719577
665.8866269869069
666.2281891364249
665.6320304793031
665.976726320072
665.976726320072
666.3227446215535
666.6700833245782
667.0187403664158
667.3687136808257
667.720001198107
668.0726008451477
668.0726008451477
668.0726008451477
668.426510545475
668.7817282193048
668.7817282193048
669.1382517835907
669.4960791520739
669.4960791520739
669.855208235332
670.2156369408282
671.5094936037763
671.5094936037763
671.8720116212611
672.2358217173494
672.6009217953838
673.8976183367915
673.8976183367915
674.2647847841381
675.562728397593
675.9319492374954
676.3024471344163
676.3024471344163
677.0472657060214
677.4215821775979
678.3487303739869
679.4777406214275
679.856602527327
680.6181014342772
680.6181014342772
681.0007342139949
681.7697558560368
682.1561404839804
682.5437714901514
682.9326467522255
683.3227641459049
683.7141215449627
683.187382787475
683.9773388058993
683.9773388058993
684.3741666661593
684.7722249040187
684.2550694002931
684.2550694002931
684.6561180621992
684.1432598513268
684.5472956633457
684.5472956633457
684.9525531013079
684.4457611819946
684.4457611819946
685.2634529872435
685.2634529872435
685.2634529872435
685.1751600868205
685.1751600868205
685.1751600868205
685.1751600868205
685.1751600868205
685.5887980415083
686.0036443051888
686.0036443051888
685.5107584859628
685.5107584859628
685.9285677094955
686.3475795834062
686.7677919064056
687.1892024762903
687.1892024762903
686.7059050277637
687.1302642148721
687.1302642148721
687.5558159160607
687.9825579184403
688.4104880084266
688.4104880084266
687.5070908725232
688.367634335026
688.7996806038749
688.7996806038749
689.232906933498
689.6673111000695
689.2031630803793
689.6404860505219
690.0789809869592
689.6209103558273
689.6209103558273
689.1654373225633
689.1654373225633
689.6085846333411
688.7125670408519
688.7125670408519
688.2623046484531
688.7089370699352
687.8146552669549
687.8146552669549
687.3696240015265
687.3696240015265
686.9272159406701
686.9272159406701
686.9272159406701
686.4874361559722
686.4874361559722
686.4874361559722
685.5960910040255
686.0502897018556
686.5056445507204
685.6157816153301
686.0728824257668
686.0728824257668
686.5311354920474
686.102761982489
686.102761982489
686.563908168788
686.563908168788
686.1399274200562
686.1399274200562
686.6039615382364
686.6039615382364
686.1843775546045
686.6512943263124
686.6512943263124
686.236110970561
686.7059050277637
686.7059050277637
687.1768331368571
686.7677919064056
687.2415877986431
686.361420827249
686.8369529953961
686.4349932805
686.4349932805
686.4349932805
686.0357133560905
686.0357133560905
685.1583758518901
685.6391179038723
684.7627326307996
685.2452115848749
685.2452115848749
684.8539990392113
685.3393320100635
685.3393320100635
684.4654848858341
684.9525531013079
684.9525531013079
684.0796737222938
684.5684772175827
683.6965701244961
684.1871089110055
683.3161786464594
683.3161786464594
682.9385038200732
682.0689114744931
682.5635501548555
682.5635501548555
682.1913221377123
682.1913221377123
681.821824232695
681.821824232695
681.821824232695
681.4550608807598
680.5894504031046
680.2264328883434
680.2264328883434
679.8661632998071
679.0029455017113
679.5086460082756
679.1538853603063
678.2927096762871
677.941737909682
677.5935359786131
675.8764680028445
676.3904198020549
675.5331228000593
675.1925651249427
674.8547991975755
674.5198292118624
673.6660893944418
674.1876593352922
673.8582937086995
673.0066864452389
672.6812023536855
672.3585353068703
672.0386893624503
671.190732951521
671.7216685503007
670.5617048415455
670.5617048415455
670.251445354652
669.4072004393141
669.1008892536312
669.1008892536312
669.1008892536312
668.7974282247204
667.9558368634861
667.9558368634861
667.6563487303929
666.8163165370206
666.8163165370206
666.5208173793224
666.5208173793224
665.6823566837264
665.6823566837264
665.3908625762756
665.3908625762756
664.5539857678983
664.5539857678983
663.7175604125598
663.4312323067102
662.5964080796092
662.5964080796092
661.762041824703
661.480914312726
660.6481665758257
660.6481665758257
660.3711077871291
659.539991205992
658.7093440964687
657.6085461731774
657.6085461731774
656.7800240567614
655.1244156646889
654.8602904436946
654.8602904436946
654.8602904436946
654.0344027648698
651.5596672600292
652.1265214665019
650.4805915628843
649.6583717616513
648.8366512459049
648.0154319150123
647.1947156768201
646.9474476338862
645.3100030218035
644.4920480502456
643.0987482494427
642.2810911119834
640.647328879158
639.8312277468176
638.200595424354
637.3860682506325
636.5720697611544
635.1771406466073
634.3634604861791
633.5503137083905
632.7377023696312
631.342220986368
630.529935847617
629.7181909394075
629.7181909394075
628.9069883536039
628.9069883536039
628.0963301914762
628.0963301914762
626.7000877612832
626.7000877612832
625.8897666522437
625.0799948806552
624.2707745842343
623.4621079103364
623.4621079103364
622.6539970159993
621.8464440679869
621.8464440679869
621.0394512428337
621.0394512428337
620.2330207268877
620.2330207268877
620.0201609625287
620.0201609625287
619.2156328775945
619.0072697472947
619.0072697472947
618.2046586689556
617.4026239011298
617.4026239011298
616.4000324464624
616.4000324464624
615.403932389126
614.6063780990237
613.809416675893
612.2172816900876
612.2172816900876
612.0294110579981
611.2356337780054
610.4424624811088
609.6498995325104
608.8579473079086
608.0666081935432
606.4857788934544
605.6962935333186
604.9074309346844
603.5039353641366
601.9277365265701
601.1405825595208
599.5681779414248
599.5681779414248
597.9983277568592
596.4310521761925
595.0260498499205
594.2432162002357
592.6795086722672
591.8986399714059
591.8986399714059
591.1184314500775
590.3388857258177
589.5600054277767
588.7817931967666
588.0042516853089
587.0826176953292
586.3079395675961
585.533944361896
584.7606347899967
584.6238106680227
583.0823269487765
583.0823269487765
583.0823269487765
582.1838197682928
581.4163740384338
579.8836090113257
579.8836090113257
578.9991364414976
578.2361109443096
577.4738089298943
576.7122332671642
575.9513868374656
575.1912725346239
573.7813172280883
573.021814593476
571.5050305990316
570.747755142322
569.3373340999166
567.824796922431
565.6589078234338
565.6589078234338
564.2481723497206
562.7397266943218
562.7397266943218
560.5755970428966
559.1645553859794
557.6602908581532
557.0008976653448
556.2490449430003
554.0866358251208
554.0866358251208
552.675311552814
551.9248137201298
550.5133967488892
549.7635855529174
549.1019941686608
548.3520766806669
547.602958355778
546.1913584083878
546.1913584083878
545.4429392704611
544.6953276832838
544.0312491024757
543.2835355502687
543.2835355502687
541.8717560456533
541.1247545621989
541.1247545621989
539.7128866351071
539.7128866351071
539.7128866351071
538.3010310226055
538.3010310226055
537.5546483847014
536.1427048836905
534.7307733803993
533.318853970118
532.5729996911222
531.9069467491471
531.2419411153453
530.495051814812
529.830161466861
528.4183948350019
527.0066413243765
525.594901040716
524.9314240927094
523.5198181540027
522.1082263286032
521.4460662427132
520.0346142325528
518.6231772684287
518.6231772684287
516.5510623355642
516.5510623355642
514.4803203233337
513.7285275318084
512.4109678763716
511.0
511.0
508.93221552580064
508.2764995551142
506.2114182829147
506.2114182829147
504.80095087073676
504.14779579008376
502.08565006381133
502.08565006381133
500.78538317327116
500.13698123614097
499.48973963435924
498.84366288447524
498.08031480876656
496.78969393496885
496.78969393496885
496.1461478234009
494.73730403113933
494.73730403113933
493.3284909672256
492.6865129065337
491.2779254149325
490.63734060913055
489.9979591794235
488.58980750727903
487.9518418860615
486.5439342957633
484.4997420019953
483.86465049639656
482.4572519923397
481.82361918029716
480.41648597857255
480.41648597857255
478.37746602447737
476.9706489921576
475.5638758358334
474.157146946031
473.5271903491921
472.1207472670524
472.1207472670524
470.7143507478819
470.0861623149526
469.4592634084453
468.6800614491724
467.2740095490011
466.64761865887624
465.86800705779314
464.4620544242554
464.4620544242554
463.0561521025285
462.43053532395544
462.43053532395544
461.0249450951651
461.0249450951651
459.6194077712559
459.6194077712559
458.21392383907323
458.21392383907323
458.21392383907323
457.5904282215702
457.5904282215702
456.9682702332844
456.18526938076377
455.56338746655223
455.56338746655223
454.9428535541579
454.3236731670495
454.3236731670495
453.70585184676645
451.68573145495753
451.07094785632114
451.07094785632114
450.45754516935335
449.84552904302603
449.23490514429085
448.6256791580259
447.41144375172166
446.0100895719737
444.8022032319534
444.2004052226877
443.60004508566044
443.00112866673373
441.2131004401388
440.6200177023282
439.4382778047447
438.2624784304493
436.8661122128838
436.28087283308673
435.6971425198931
434.53423340399775
433.9550667983956
433.3774336533918
432.80134010883097
432.4742766916895
432.4742766916895
432.15853572502766
431.59240030380516
431.02784132814435
430.73193519868016
430.17322092385064
429.6161077054723
429.6161077054723
429.0606017802147
429.0606017802147
429.0606017802147
427.95443682709964
427.95443682709964
426.85477624128794
426.3074008271496
426.3074008271496
425.7616704213755
425.2175913576483
424.6751699828941
424.6751699828941
424.1344126571198
423.59532575324766
423.59532575324766
421.6776019662415
421.1424937001727
420.0773738253466
419.5473751556551
418.1698219623219
417.11629073916544
416.5921266658793
415.21681083501426
414.6950686950594
414.1750837508215
413.65686262891853
411.76813864115326
411.254179310071
410.7420114865291
410.23164188053556
409.72307721191396
409.21632421006865
408.71138961374686
408.20828017079714
408.20828017079714
408.5731268695972
408.0747480548141
407.5782133529711
407.0835295120646
407.0835295120646
406.5907032877166
406.09974144291203
405.6106507477337
406.483702010302
405.9975369383415
405.51325502380314
405.0308630215727
405.4281687302943
405.4281687302943
404.9506142729012
404.4749683231337
404.88269906233336
404.4119187165482
404.36122464944634
404.36122464944634
403.43524883182926
403.8638384406309
403.8638384406309
403.8427911947915
404.7344808636892
404.2833164997042
404.7283039274619
404.2820797413608
404.7344808636892
404.293210430252
404.7530111067736
404.31670754496406
403.8824086290464
404.3525689296409
404.82712359722143
404.40079129497263
403.55420949359456
404.46137021970344
404.04207701673846
404.534300152657
404.120031673759
403.7078151336682
404.21034128285237
404.7171852046809
404.7171852046809
405.2283306976451
405.34553161469535
405.34553161469535
405.86820520952364
405.86820520952364
406.39512792355174
406.9262832504187
406.9262832504187
407.4616546375867
407.4616546375867
408.0012254883556
408.9254210733297
409.84997255093236
409.47038964985
410.396150079408
410.396150079408
411.3222580896881
410.94646853331153
410.94646853331153
411.8737670694748
412.4293878956736
413.35819817683546
414.28733989828845
414.28733989828845
415.21681083501426
414.8493702538308
415.4154546956577
415.4154546956577
416.3472108709268
416.9184572551328
417.85164831552356
417.4937125275062
418.07296013973445
417.7200019151585
418.656183520559
419.2433660775087
418.8961685191212
419.49016675006817
419.1479452412954
419.7487343637858
420.3534227290174
420.9619935338581
420.63047916193614
421.24577149213025
421.24577149213025
421.86490728668105
422.4878696483486
423.43476475131325
425.0105881034024
424.69400749245335
425.64304293621433
426.59231122935165
427.2294465506796
428.1798687467686
429.13051627680824
430.08138764657093
430.72497025364106
431.6769625541766
431.6769625541766
432.62917146211953
433.5815955503647
434.53423340399775
434.53423340399775
435.4870836201689
436.4401448079679
436.4401448079679
437.3934155883008
438.34689459376807
439.30058046854435
439.30058046854435
440.2544718682594
441.2085674598806
442.1628659215968
443.1173659427037
443.1173659427037
444.07206622349037
444.73137959896644
445.6871099773921
445.6871099773921
446.3507589329271
447.3075004960234
447.3075004960234
448.9331798831537
448.9331798831537
449.60538253005825
450.56409089051914
451.2405123656341
451.92034696393125
452.6035793053343
453.5647693549401
454.526126861812
455.2142352782918
455.2142352782918
456.8686901069059
456.8686901069059
457.56420314530726
458.5280798380836
460.1923510881075
461.1572399952103
461.86145108679506
461.86145108679506
462.8271815699679
463.79305730034383
464.7590773723521
464.5018837421437
465.46858110940207
466.4354188952636
466.4354188952636
467.4023962283463
468.11643850648954
468.11643850648954
469.0842141876019
469.0842141876019
470.0521247691579
471.02016941952706
471.02016941952706
471.98834731378696
471.98834731378696
472.95665763365673
473.92509956743163
475.1431363284121
476.111331518165
477.07965791888466
477.07965791888466
479.2661056240051
479.2661056240051
480.23431780746364
482.1711314460873
482.1711314460873
484.1084589221717
484.1084589221717
486.2941496666395
486.2941496666395
487.2627627882106
487.2627627882106
488.23150246578723
488.23150246578723
489.2003679475313
490.16935848745175
491.1384733453489
492.1077117867591
493.0770730829005
494.04655651061876
495.9858868959882
497.20016090101984
498.169649818212
499.13925912514634
500.35387477264527
500.35387477264527
501.5695365550025
501.5695365550025
502.5385557347814
502.5385557347814
503.7549007205786
504.72368678317446
506.9092620972712
508.1269526407746
509.3456586641335
510.31362905570137
511.53299013846606
512.5007317067947
513.7207412592954
514.6882551603446
515.6558930139362
516.8761940735905
516.8761940735905
518.8111409752107
520.0317298011728
520.9990403062178
520.9990403062178
521.9664740191654
521.9664740191654
522.9340302562074
523.9017083385012
523.9017083385012
524.8695075921253
525.1218906120749
526.089346024038
526.8054669420203
527.7736257146619
528.7419030112897
528.7419030112897
529.7102981819402
529.7102981819402
531.6474395687428
531.6474395687428
533.8333073160572
534.8018324575936
534.8018324575936
535.770473243907
536.739229048893
537.9563179292535
537.9563179292535
539.8935080180164
541.1108943645471
542.3292357968543
543.2973403211173
544.5162991132589
545.4841885884503
545.4841885884503
546.7037589042168
547.6714343472736
548.8916104296002
549.8590728541269
551.0798490237145
552.3015480695306
553.5241638808553
553.5241638808553
554.7476903962738
555.7139551963762
556.9380575970724
556.9380575970724
558.1630586128035
559.128786595718
560.3543521736938
560.3543521736938
560.3543521736938
561.580804515254
562.808137823184
564.0363463465808
565.0008849550592
566.2296353953933
566.2296353953933
567.459249638245
568.6897220805032
569.6534033954331
570.8844016085918
570.8844016085918
572.1162469288912
572.1162469288912
573.3489338962793
574.3117620247734
574.5824570938448
575.5449591474154
576.7789871345869
576.7789871345869
577.741291583006
578.013840664737
578.9758198750618
580.2111684550721
580.2111684550721
581.7233019228299
582.6843056063892
582.6843056063892
583.922083843384
585.1606616989901
585.1606616989901
585.4400054659743
586.680492261333
587.6401960383581
587.921763502594
587.921763502594
588.204896273399
589.448046904899
590.6919671029901
590.6919671029901
591.9366520160751
591.9366520160751
592.2246195490357
593.1820968303073
593.7617367261047
594.718420767341
594.718420767341
595.9664420082728
595.9664420082728
596.2591718372138
596.2591718372138
596.2591718372138
597.2152040931309
597.5089957481812
598.4647023843595
598.4647023843595
598.7595510720477
600.0108332355342
601.2628377007845
601.2628377007845
602.5155599650518
602.5155599650518
602.8150628509543
603.7689955603881
605.0231400533371
605.3247062527681
605.6277734714616
605.9323394571377
607.4973250969916
608.7569301453577
609.3775512767105
610.953353374871
611.2683535076882
611.5848264958836
611.9027700541974
613.8118604263036
614.135164275748
616.0584387864515
616.3870537251736
618.32434854209
618.6582255171267
620.6093779504141
622.5704779380403
624.5414317721443
625.5853259148587
627.5770868984941
628.6445736662331
629.363170196668
629.7245429550924
631.7475761726356
632.4816202863132
633.2211304118017
633.966087421086
635.2676601244549
636.3976744143555
636.7770410434094
637.539802679017
637.539802679017
637.9231928688594
637.9231928688594
638.3079194244734
638.3079194244734
638.6939799309213
638.6939799309213
638.6939799309213
638.6939799309213
639.0813719707373
639.0813719707373
639.0813719707373
639.0813719707373
640.3912866365375
640.3912866365375
640.3912866365375
640.7807737440318
642.0918937348454
642.4834628221959
642.8763489194481
643.6660624889275
644.0628851284632
644.4610151126288
645.2611874272309
644.7480127925949
645.1519200932444
645.5571237311226
645.4587515868075
645.4587515868075
645.3681120105022
645.3681120105022
644.8705296414157
645.2852082606574
644.7922145931975
644.7922145931975
643.3941249343205
642.4865757352444
641.0943768276244
640.1882535629657
639.2824102069444
638.8020037539018
637.8973271616679
636.9929355966202
636.0888302745144
635.6138765005056
635.1417164696395
634.2397023208181
632.8704448779387
632.4057241992675
632.8427924848319
631.4847583275466
631.4712978433778
631.4657552076756
631.0190171460762
631.026148428098
631.4784240177966
631.9533210609784
631.5227628518231
632.4436733812744
632.019778171538
632.064870088506
631.6486365060879
632.5883337526863
632.6523531924938
632.2475780894696
632.3242838923711
633.2850858815483
632.8917758985339
632.5013833976966
632.113913784533
632.2191075885005
631.3477647065839
630.9690959151644
630.5933713574858
630.2205962994227
629.3528422117437
628.984101547885
628.117823342086
627.251943002172
626.8883473155328
626.0239612027642
625.664446808351
625.664446808351
624.8015684999518
623.9390995922599
623.0770417853638
622.7238553323616
621.8633290362119
621.003220603565
621.003220603565
620.1435317730889
620.6552988575864
619.7967408755874
619.7967408755874
618.9386076179123
618.5959909343093
617.7394272668695
616.5460242350119
615.691481181931
615.3584321352881
613.6529964075788
614.1766846763234
613.8509591097826
613.0008156601425
612.3610046369706
612.3610046369706
611.1996400522501
611.1996400522501
610.0442606893372
609.7376485013862
608.0526293011156
607.7515939921507
607.4537019394976
606.6143750357388
606.320872146094
606.0305272838984
605.1941837129633
604.358337412499
604.0736710037941
603.2395875603656
602.4060092661759
601.5729382211271
600.740376535488
600.740376535488
599.9083263299485
599.9083263299485
599.0767897356732
598.2457688943566
597.4152659582779
596.5852830903558
596.0276839208058
596.0276839208058
595.1974462310806
595.1974462310806
594.3677312909913
592.9797635670209
592.9797635670209
591.3214016082962
591.3214016082962
590.4930143532606
589.1044050081446
588.2762956298682
587.448721166367
587.448721166367
586.6216838815285
584.969229960004
584.1438179078847
582.7538073663698
581.9286897893934
580.2801047769948
579.4566420363132
577.8113879113149
575.5979499616029
574.7764782939538
573.9555731936053
573.1352370950507
571.4962817026897
570.6776673394536
568.4663578436282
567.6486589431883
565.4378834142615
564.621111897173
563.2273075766125
561.0169337907724
560.2008568361887
557.9910393545761
557.1759147701918
554.9666656656055
553.5720368660252
552.7576322403879
551.9438377226437
551.3628569281758
550.5488170907281
549.1538946415659
548.3402228543881
546.9451526432975
546.1318522115332
545.5501810099599
544.7366336129782
544.7366336129782
544.1553087125035
543.3415132308593
543.3415132308593
542.7605365167958
541.9464918236855
541.9464918236855
541.3658651965416
540.5515701577417
540.5515701577417
539.971295533383
539.1567490071881
538.5768283170006
538.5768283170006
537.7620291541604
536.3674113888725
536.3674113888725
534.9728965097204
534.1582162618113
532.763549804226
531.949245699249
531.3689866749846
529.974527689775
528.5801736728308
527.7650992629202
526.3705918837031
525.7917838840771
524.397749804478
523.5818942629701
522.1877057151002
521.6100075727076
521.0335881687475
519.6402601800596
518.2470453364881
517.6726765051445
516.8539445530042
516.2799628108764
514.8873663239369
514.8873663239369
513.4948879979235
512.9229961699904
511.53103522660285
510.96085955775516
510.1391966904719
508.74748156624815
508.17811837976654
507.35589086951575
505.9644256269407
505.3958844312051
504.5730868764207
504.00496029305106
503.1818756672382
502.3594330755619
500.9680628543101
500.9680628543101
499.5768209194658
498.7544486017142
497.9327263797791
496.54103556503765
496.54103556503765
495.71967885086025
494.8989795907848
493.5068388583891
493.5068388583891
492.1148239994402
490.7229360851192
490.7229360851192
490.7229360851192
489.33117619869677
488.7617006272075
487.37049561909265
486.8028348315157
486.23656793787114
486.23656793787114
484.8463674196188
484.28194267389324
483.7189266505912
483.15732427440236
482.59714048054616
482.59714048054616
481.4810484328537
481.4810484328537
480.37069019664386
479.8176737053357
479.2661056240051
478.715990959149
477.6201419538334
477.6201419538334
476.2362858917829
476.2362858917829
475.14734556766706
474.60509900337144
474.0643416246364
473.52507853333384
471.60682777076073
471.60682777076073
471.07111989592397
470.53692735002215
470.00425529988553
469.1577559840613
468.62565017292854
468.095075812596
467.5660381165424
467.0385423067351
466.51259361350577
465.98819727542457
465.4653585391721
464.9440826594097
464.42437489864807
463.9062405271134
462.5332420486121
462.01731569282117
460.9902385083658
460.47909833129233
459.96956421050294
459.46164148925425
458.45065165184354
457.44617169673637
456.9463863518345
455.5809478018149
454.58772530722825
454.0936026856137
453.1103618325231
452.133829745132
451.164049986255
450.2010661915407
450.12442724206824
449.64986378292167
448.7059170548122
448.2365446948742
447.7253622478852
447.7253622478852
447.2639041997465
446.80420767938165
447.6929751514982
447.6929751514982
447.2359556207439
447.2359556207439
447.6717547489455
447.6717547489455
448.5632619820754
448.5632619820754
449.45522580119143
450.34764349333506
451.2405123656341
452.133829745132
453.0275929786176
453.9217994324573
456.607052069939
457.503005454609
458.3993891793487
459.2962007245433
458.8550969532757
460.65171225124084
461.11386880032137
462.0140690498505
462.48135097536635
463.42744847494737
463.9062405271134
463.9676712875586
464.45667182203334
465.4460226492434
465.9463488428684
466.0439893400622
466.1523356157298
467.5863556606416
468.6331187613611
469.1620189231008
470.6166167912051
471.53896975753764
472.0773241747585
473.5440845370154
474.4691770810829
475.9432739308331
476.8700032503617
479.0991546642511
480.02604096027954
481.8806906278773
482.80845063026806
484.10949174747645
485.03711198216575
487.2658411996474
487.2658411996474
489.494637355712
490.7962917545323
492.0985673622714
492.0985673622714
493.02535431760504
493.02535431760504
493.02535431760504
493.9524268591055
493.9524268591055
493.9524268591055
493.9524268591055
493.9524268591055
494.5068250287351
494.5068250287351
494.6958661642525
493.9635614091388
493.6000405186369
493.81170500505556
494.3885111933731
493.68005833738107
494.26511104871645
495.44525429153117
496.0403209417557
496.63870167356066
498.1816937624264
498.78752991629614
498.78752991629614
499.7299270606074
500.33988447854125
500.33988447854125
501.2833530050644
503.50173783215484
504.7771785649585
506.99605521147794
509.2150822589606
511.76947935569586
511.76947935569586
515.2678914894659
515.2678914894659
517.8271912520623
518.7677707799512
521.3290707413121
522.2690877316022
524.8323541856008
525.7718136226018
527.0540769219037
527.99337117051
529.275920480046
530.2150507105583
530.2150507105583
531.1544031635245
531.1544031635245
531.7527620990793
531.7527620990793
532.6931574555844
533.2954153187518
533.2954153187518
533.5663032838562
534.1769369787505
535.1205471667108
535.7350091229805
536.3524960322269
537.2978689702761
538.865474863625
539.4905003797564
540.1185055152249
542.0147599466272
543.9117575489612
544.8605326136221
545.8094905734051
547.7079513755483
548.6574523325096
549.9209034033895
552.1340416963982
553.3985905294663
554.3473640236779
556.8779040328319
556.8779040328319
559.411297705007
559.411297705007
560.6790525782108
561.9475064452195
561.9475064452195
563.2166545832962
564.4864923096035
564.8114729712916
564.8114729712916
566.0830327787612
566.0830327787612
567.3552678877671
567.3552678877671
567.3552678877671
567.3552678877671
568.3000967798615
568.6281737655988
568.6281737655988
568.6281737655988
569.5726468151363
569.9017459176625
571.1759798871097
572.4508712544684
572.4508712544684
573.7264156372792
574.0601013831217
574.7321115093536
576.3505877501991
576.6914252873888
577.7231170725298
579.0077719685635
579.7050974417941
580.4084768505711
581.117888212022
581.8333094624267
582.9176614239784
583.6480103624101
584.3842913699854
585.1264820532394
585.8745599528964
585.3246962156987
586.0827586612662
586.463980138593
585.9232031589123
585.9232031589123
586.3079395675961
586.6941281451519
586.6941281451519
587.0817660258238
587.0817660258238
587.4708503406786
586.5500831131131
586.5500831131131
586.5500831131131
587.3338062805511
587.3338062805511
586.809168299201
587.205245208181
587.602756971068
588.4020734157893
588.8038722698756
588.6977153004758
589.1044050081446
589.4217505318242
589.8347226130385
589.7558817002167
589.7558817002167
589.6855094031055
589.6236087539236
590.0483031074659
589.9983050823113
590.4278109980932
590.3897018072046
589.9237238830118
590.3388857258177
589.8830392543932
589.8754105741314
588.5337713334724
588.541417404077
588.102882155835
586.7776410191514
585.4579404192926
584.1438179078847
583.7208236820064
582.0008591058952
581.117888212022
578.943866018114
577.658203438677
577.2564421468157
575.5006516069291
575.1043383595711
573.3524221628439
572.0874059092719
570.3402493249096
568.59475903318
567.7226435505281
566.850950427006
563.7463968842728
563.7463968842728
560.6424885789517
559.2798941496109
558.4093480592888
557.0466766797914
556.1762310635003
553.4509915069265
552.0887609796091
551.217742820385
549.8554355464717
548.4933910267288
547.622132496487
545.3888521046246
545.3888521046246
544.0266537588025
543.1555946503727
542.6647215362354
541.7933185265392
541.303057445642
541.303057445642
540.4313092336528
539.0695687942327
537.7080992508854
536.3469026665484
536.3469026665484
535.859123277751
535.372767331324
534.4988306816022
534.0131084533413
532.5645500782041
532.5645500782041
531.1289862170959
530.6533708552128
529.7065225197817
529.2352973867106
528.2972648045795
527.8304652063956
526.9013190342191
526.4389803196568
526.8662069254394
526.4076367227208
525.950568019467
525.4950047336321
525.4950047336321
525.0409507838413
524.5884100892813
524.5884100892813
524.5884100892813
524.5884100892813
524.1373865695901
524.1373865695901
524.1373865695901
524.1373865695901
523.6878841447451
523.6878841447451
523.6878841447451
523.6878841447451
523.6878841447451
523.6878841447451
523.6878841447451
523.6878841447451
523.6878841447451
523.6878841447451
523.6878841447451
524.1373865695901
524.1373865695901
524.1373865695901
524.1373865695901
524.1373865695901
524.1373865695901
524.1373865695901
524.1373865695901
524.1373865695901
524.1373865695901
524.1373865695901
524.1373865695901
524.1373865695901
