380.82541931966676
382.2002093144377
382.2002093144377
382.2002093144377
382.2002093144377
382.2002093144377
382.6604238747456
386.21884987659524
386.21884987659524
384.81294157031675
384.03385267447453
384.03385267447453
383.2557892582968
383.2557892582968
383.2557892582968
382.6277564422111
382.6277564422111
382.00130889828114
381.22172026263144
379.97105152892897
378.565714242587
377.94311741318955
377.3221435325523
376.70280062670093
375.2985478255944
375.2985478255944
375.2985478255944
374.6811978202269
374.6811978202269
374.6811978202269
374.6811978202269
374.6811978202269
374.6811978202269
374.6811978202269
374.6811978202269
374.6811978202269
374.6811978202269
374.6811978202269
374.6811978202269
374.6811978202269
374.6811978202269
374.6811978202269
375.2985478255944
375.2985478255944
376.0850967533811
377.4890726895283
378.1071276768001
378.89312477267254
380.2972521594128
381.70145401871343
381.70145401871343
383.105729531679
383.105729531679
383.89191187103694
384.51007789133433
384.51007789133433
385.2959901166894
385.2959901166894
386.0828926538963
386.0828926538963
386.0828926538963
386.0828926538963
386.0828926538963
386.87077946001557
386.87077946001557
386.87077946001557
386.0828926538963
386.0828926538963
386.0828926538963
386.0828926538963
386.0828926538963
385.4672489330319
384.0637967838156
382.04711751301045
380.0328933131973
379.4232465202943
377.41356626385334
376.807643234582
376.0119678946403
374.80261471873433
373.4019282221237
372.8002145922129
371.6019375622253
371.6019375622253
371.0053907964142
369.0121949204389
368.41959774148825
367.8287645087045
367.23970373585695
366.6524239658044
366.06693377031473
365.48324174987835
365.48324174987835
365.48324174987835
364.9013565335158
364.9013565335158
364.9013565335158
364.3212867785795
364.3212867785795
364.3212867785795
363.7430411705494
363.7430411705494
363.7430411705494
363.7430411705494
363.16662842282193
363.16662842282193
363.16662842282193
363.16662842282193
362.59205727649356
363.4116123626211
362.840185205553
362.840185205553
362.840185205553
362.840185205553
362.840185205553
362.27061708065696
363.0936518310393
362.52724035581105
362.52724035581105
362.52724035581105
361.9627052611912
361.9627052611912
361.4000553403389
360.83929941180185
360.83929941180185
359.723504931218
359.723504931218
359.1684841407999
358.6153928653928
358.8997074392789
358.8997074392789
358.35178247080063
357.80581325629686
357.26180876214573
357.26180876214573
356.1797299117399
356.1797299117399
356.4856238335566
355.95083930228344
355.95083930228344
355.95083930228344
355.735857062512
355.735857062512
355.735857062512
355.2083895405625
354.682957019364
354.682957019364
355.53480842246654
355.0126758300329
355.0126758300329
354.4925951271761
354.4925951271761
355.34771703220497
355.34771703220497
354.8309456628607
354.8309456628607
355.6880655855633
355.6880655855633
355.6880655855633
355.1746049480452
356.03370626950476
356.03370626950476
356.03370626950476
356.03370626950476
356.8935415498577
356.8935415498577
357.24641355792505
357.24641355792505
357.24641355792505
357.24641355792505
358.10892197765753
358.10892197765753
358.10892197765753
358.10892197765753
358.9721437660588
358.9721437660588
358.4689665786984
358.4689665786984
359.3341063689891
359.3341063689891
358.83422356291493
358.83422356291493
358.83422356291493
358.83422356291493
359.20467702968455
359.20467702968455
358.71018942873644
358.71018942873644
359.0891254271006
358.6000557724441
358.11311062288684
358.11311062288684
357.62829865658
358.0223456713282
357.54300440646296
357.54300440646296
357.0658202628753
356.59080190044165
356.59080190044165
356.1179579858337
355.64729719203547
356.0631966379002
355.59808773389096
355.1351855279902
355.1351855279902
355.1351855279902
354.2160357747797
354.2160357747797
354.2160357747797
354.6505322144604
354.1976849162061
354.1976849162061
353.7470847936418
354.6406632071399
354.1934499676695
353.74849823002785
354.64489281533434
354.64489281533434
355.1013939707925
355.1013939707925
355.1013939707925
355.1013939707925
354.6632205346362
355.5629339512205
355.5629339512205
356.02949316032795
356.02949316032795
356.50105189185626
356.50105189185626
356.50105189185626
356.50105189185626
356.9775903330628
356.9775903330628
356.5529413705628
357.45908856818846
358.36573496917924
357.94552658190884
357.5276213105779
358.4368842627667
358.4368842627667
358.0223456713282
357.61012289922667
358.5219658542556
358.11311062288684
357.7065836687941
358.62096982747676
357.816992329878
357.816992329878
358.33643409511126
357.9413359756037
357.5485980954198
358.0796000891422
357.69260545893314
357.69260545893314
356.9257625893654
356.9257625893654
357.4716771997468
357.0952253951318
357.64926953651116
357.64926953651116
357.2786027738017
357.8407467016578
357.4758733117523
357.1134273588715
357.6870140220357
357.6870140220357
357.33037934102384
357.56118357562247
357.56118357562247
358.49825662058663
358.74503480884584
358.74503480884584
358.4034040016919
359.3438464757676
359.0055709874152
359.9472183529135
360.5551275463989
360.5551275463989
360.22354170709053
361.1675511448945
361.1675511448945
362.1118611699981
361.78446622263925
361.78446622263925
362.72992708074145
362.72992708074145
363.35244598048325
363.35244598048325
364.2993274767331
364.2993274767331
364.2993274767331
364.9273900380732
364.9273900380732
364.9273900380732
365.8756619399547
365.8756619399547
365.8756619399547
365.8756619399547
365.8756619399547
366.824208579532
366.824208579532
366.5092086155544
366.5092086155544
366.5092086155544
367.458841232593
367.458841232593
367.458841232593
367.458841232593
367.458841232593
368.09781308777156
368.09781308777156
368.09781308777156
369.04877726392755
369.04877726392755
369.04877726392755
368.7411015875502
368.7411015875502
368.7411015875502
369.38868417968627
369.38868417968627
369.38868417968627
369.08671067921154
370.04053831979
370.04053831979
369.7418018022847
370.69664147386067
370.69664147386067
370.40113390755164
370.40113390755164
370.10809231898725
371.06468438804575
370.7748643044725
371.7324306540929
371.4458237751503
371.4458237751503
372.40435013570936
372.12094808005634
372.12094808005634
372.12094808005634
372.8002145922129
372.8002145922129
372.52248254300036
373.48360071092816
373.20905669610966
373.20905669610966
374.1710838640528
373.89971917614486
374.8626415101937
374.8626415101937
374.59444736941845
375.5582511408849
375.2932186970609
376.25789028271555
376.25789028271555
377.22274586774324
376.9615364994153
376.9615364994153
376.70280062670093
377.6691673938978
377.6691673938978
378.38076061026146
378.38076061026146
378.38076061026146
378.38076061026146
379.3481250777444
379.09629383574827
379.09629383574827
380.06446821559103
380.06446821559103
379.81574480266084
380.78471607983425
380.78471607983425
380.78471607983425
381.5088465553584
381.5088465553584
381.5088465553584
382.4787575800779
382.4787575800779
383.20751558391964
383.20751558391964
383.20751558391964
384.17834400184506
384.17834400184506
384.9116781808523
384.9116781808523
385.88340207891815
385.88340207891815
385.88340207891815
386.855270094644
386.62126170194006
387.5938596004844
387.5938596004844
388.56659660861226
388.56659660861226
389.53947168419273
389.53947168419273
389.30964539810725
390.2832304878087
390.2832304878087
390.2832304878087
391.0306893326916
391.0306893326916
391.0306893326916
392.0051020076142
391.78182704153085
391.78182704153085
392.75692228145385
393.7321424522006
393.7321424522006
394.4882761249059
394.4882761249059
394.4882761249059
395.4642841016114
395.2480233979672
396.2246837338633
396.2246837338633
396.2246837338633
397.20146021886677
396.9886648255842
397.96607895648594
397.96607895648594
398.94360503710294
398.94360503710294
399.9212422465203
400.6906537467526
400.6906537467526
400.6906537467526
401.6690179737541
401.6690179737541
402.4425424827748
403.4216156826503
403.4216156826503
404.40079129497263
404.40079129497263
405.3800685776251
405.3800685776251
406.3594467955679
406.3594467955679
407.3389252207552
407.1387969722365
408.1188552370498
408.1188552370498
409.0990100208017
409.0990100208017
410.07926063140525
410.07926063140525
410.07926063140525
411.0596063833079
411.0596063833079
411.0596063833079
411.0596063833079
411.0596063833079
412.0400465974151
412.0400465974151
412.0400465974151
412.0400465974151
413.0205806010156
413.0205806010156
413.0205806010156
414.00120772770697
414.00120772770697
414.9819273173231
414.9819273173231
414.9819273173231
414.9819273173231
414.9819273173231
415.9627387158614
415.9627387158614
416.9436412754127
416.9436412754127
416.9436412754127
416.9436412754127
416.9436412754127
417.9246343540902
417.9246343540902
417.9246343540902
417.9246343540902
418.9057173159612
418.7135058724521
418.7135058724521
418.7135058724521
419.69512744371957
419.69512744371957
419.69512744371957
419.69512744371957
420.676835587604
420.4878119517854
420.4878119517854
421.47004638526806
421.47004638526806
421.47004638526806
421.47004638526806
422.45236417849526
422.45236417849526
422.45236417849526
422.45236417849526
422.45236417849526
423.43476475131325
423.43476475131325
424.4172475288911
424.4172475288911
424.2322477134429
424.2322477134429
425.21523961401004
425.21523961401004
426.1983106489278
426.1983106489278
427.1814602718615
427.1814602718615
427.1814602718615
427.1814602718615
428.1646879414509
428.1646879414509
429.14799312125416
429.14799312125416
429.14799312125416
430.1313752796929
430.1313752796929
430.9350299059012
430.9350299059012
430.9350299059012
431.9189738828337
432.90299144265566
432.90299144265566
432.90299144265566
432.90299144265566
432.90299144265566
433.8870820847286
433.7107330929222
434.69529558070906
435.6799283878017
435.6799283878017
436.4916952245483
436.4916952245483
437.47685653071983
437.47685653071983
438.46208501990225
438.2921400162225
439.2778164214533
440.2635574289564
440.2635574289564
440.2635574289564
441.0827586746052
442.06899913927464
441.90496715922984
442.89163460151286
443.8783617163603
443.8783617163603
444.86514810670434
445.85199337896876
445.6915974078937
446.67885555508445
446.67885555508445
447.66617026529934
448.65354116511776
449.64096788437774
449.64096788437774
450.62845005614105
450.62845005614105
452.6035793053343
452.6035793053343
453.5912256646947
453.5912256646947
454.5789260403522
454.5789260403522
455.5666800809734
455.5666800809734
455.5666800809734
456.5544874382465
457.54234776684876
457.54234776684876
458.68616722111864
459.67379738244813
460.6614809163015
460.6614809163015
460.6614809163015
461.64921748011227
461.64921748011227
461.64921748011227
462.63700673422136
462.63700673422136
463.6248483418463
463.6248483418463
464.61274196905106
464.61274196905106
464.61274196905106
465.6006872847161
465.6006872847161
466.5886839605093
466.5886839605093
466.5886839605093
467.57673167085636
467.57673167085636
468.56483009291253
468.56483009291253
469.40068172085137
469.40068172085137
469.40068172085137
470.3892005563053
470.3892005563053
471.37776782533984
471.37776782533984
471.37776782533984
472.36638322387
473.35504645033626
473.35504645033626
474.34375720567886
474.34375720567886
474.34375720567886
475.3325151933118
476.17328778502474
476.17328778502474
477.16244613338966
477.16244613338966
477.16244613338966
478.15164958410423
478.15164958410423
478.15164958410423
479.1408978578222
480.13019067748695
480.13019067748695
481.11952776830833
482.1089088577393
483.0983336754537
483.0983336754537
483.0983336754537
483.0983336754537
484.0878019533233
484.0878019533233
485.2226293156575
485.2226293156575
485.2226293156575
486.2118879665531
486.2118879665531
486.2118879665531
487.201190474736
487.201190474736
488.19053657358006
488.3369738203324
489.3260671576776
489.3260671576776
490.3152047407871
490.3152047407871
490.3152047407871
491.30438630242253
491.30438630242253
492.2936115774813
492.44085939328795
493.42983290433506
493.42983290433506
494.41885077330943
494.41885077330943
494.41885077330943
495.40791273454647
495.40791273454647
495.40791273454647
496.3970185244871
496.3970185244871
497.3861678816571
497.3861678816571
497.3861678816571
498.3753605466466
498.3753605466466
499.36459626208983
499.36459626208983
500.35387477264527
500.35387477264527
500.35387477264527
501.3431958249758
501.3431958249758
502.332559167729
502.47885527651806
502.47885527651806
503.4679731621466
505.4463374088292
505.4463374088292
506.43558326800064
506.43558326800064
507.42487128638066
507.42487128638066
508.4142012178653
508.4142012178653
509.54980129522176
509.54980129522176
510.5389309347525
511.5281028447997
511.5281028447997
512.5173167806138
512.5173167806138
513.5065724993206
513.5065724993206
514.4958697599039
514.4958697599039
515.4852083231875
515.4852083231875
516.4745879518179
516.4745879518179
517.4640084102468
517.4640084102468
518.5990744303349
518.5990744303349
518.5990744303349
519.5882985595422
520.5775638653668
520.5775638653668
520.7244952947768
521.7135229223027
521.7135229223027
522.7025923027358
522.8508391501347
523.8396701281796
523.9895037116679
523.9895037116679
523.9895037116679
523.9895037116679
523.9895037116679
525.1295078359242
525.1295078359242
526.2708428176503
526.2708428176503
526.2708428176503
527.4135000168274
527.4135000168274
528.5574708581839
529.7027468307107
529.7027468307107
529.7027468307107
530.6901167348041
530.849319487178
530.849319487178
531.8364410229897
531.8364410229897
532.9840522942502
532.9840522942502
532.9840522942502
534.1329422531436
534.1329422531436
535.1196127969895
536.1063327363332
536.269521789184
536.269521789184
537.2559911252736
537.2559911252736
539.3931775616003
539.3931775616003
540.3794962801605
541.3658651965416
541.5311625382236
542.5172808307584
543.5034498510566
544.6558546458489
545.6418239101545
546.6278441499298
546.7952084647414
547.7809781290329
548.7667992872747
548.7667992872747
549.9209034033895
549.9209034033895
550.9065256465927
552.0615907668274
553.0470142763633
554.0324900220203
555.1882563599486
555.3602434456395
556.3452165697122
556.3452165697122
557.5033632185549
558.4881377433186
558.4881377433186
559.6472103030623
560.6317864695151
560.8074535881277
561.7917763727055
561.9688603472616
562.9529287604781
564.1152364543968
564.1152364543968
565.2786923279525
565.2786923279525
566.2623067095319
566.4432893061759
567.609020365251
567.609020365251
568.592120944355
568.7758785321332
569.7587208634898
569.7587208634898
570.9264400953945
570.9264400953945
572.0952717860898
572.2831467027489
572.2831467027489
573.265209130992
573.4544445725397
573.4544445725397
574.4362453745412
574.4362453745412
574.6268354332227
575.6083738098326
575.6083738098326
575.6083738098326
576.7815877782508
576.7815877782508
577.7629271595747
577.9558806691043
578.93695684418
578.93695684418
579.9180976655238
579.9180976655238
580.1120581404941
581.0929357684535
581.0929357684535
582.0738784724839
583.2495177880561
583.2495177880561
584.2302628245134
584.2302628245134
584.2302628245134
585.2110730326281
585.4066962377523
586.3872440631702
587.3678574794504
587.3678574794504
587.5644645483592
588.5448156257942
588.5448156257942
589.5252327084906
589.7228162450559
590.7029710438234
590.7029710438234
591.6831922574783
591.8817449457282
592.8617039411469
593.0615482393038
594.2423747933161
595.2218073962008
595.2218073962008
596.4033869789808
597.3826244543776
597.3826244543776
598.5649505275096
598.7695717051761
599.7482805310908
599.9541649159543
599.9541649159543
600.9326085344346
601.1397508067488
602.117928648533
602.32632351575
603.3042350257456
603.5138772223884
604.4915218594881
604.7024061470237
605.8919045506385
605.8919045506385
606.105601360027
607.2972912832726
607.2972912832726
607.2972912832726
608.4899341813306
608.4899341813306
609.6835244616669
609.902451216586
610.8780565710312
610.8780565710312
611.09819178263
612.0735249951593
612.2948636073962
613.2699242584786
613.4924612413749
613.4924612413749
614.6909792733256
614.6909792733256
614.9162544607192
615.8904123299859
616.1168720299745
616.3448709935047
617.3183943476819
617.5475690179665
618.7511616150713
618.9830369242763
620.1886809673327
620.4232426336073
621.6309194369276
621.6309194369276
621.6309194369276
622.839465673138
623.07784425383
623.07784425383
624.5294228457135
625.7419595967655
625.7419595967655
626.955341312282
626.955341312282
628.1695630958253
628.4154676645062
628.4154676645062
629.6316383410224
629.6316383410224
630.8486347769963
630.8486347769963
630.8486347769963
632.0664522026145
633.0347541802108
633.2850858815483
633.2850858815483
634.5045311106927
634.5045311106927
635.4722653271344
635.7247832199088
636.692233343552
636.9458375717671
636.9458375717671
637.9130034730441
639.1345711194161
639.1345711194161
639.3903346157181
640.3569317185534
640.3569317185534
641.5800807381726
641.5800807381726
642.804013677575
642.804013677575
642.804013677575
644.0287260674014
644.0287260674014
645.2542134693891
645.2542134693891
645.5152980371573
646.4804714761306
646.4804714761306
646.7426072248526
647.707495710834
647.707495710834
647.9706783489512
648.9352818270863
649.1995070854567
649.465164577747
649.465164577747
649.465164577747
650.6957814524388
650.963900688817
650.963900688817
650.963900688817
651.2334450870901
651.2334450870901
651.5044128783779
652.4668573958373
652.7388451746992
652.7388451746992
652.7388451746992
653.0122510336234
652.3258388259659
652.3258388259659
652.6024823734583
652.6024823734583
652.8805403747305
652.8805403747305
652.8805403747305
653.1600110233326
652.2001226617487
652.2001226617487
652.4814173599123
652.4814173599123
652.7641227886227
653.0482371157585
652.0897177536232
652.3756586507501
652.3756586507501
652.3756586507501
652.6630064589228
652.6630064589228
652.9517593207021
652.9517593207021
653.2419153728579
653.2419153728579
652.5771984983845
652.5771984983845
652.8705844193013
652.8705844193013
652.8705844193013
653.1653695657785
653.4615520441887
653.4615520441887
653.7591299553682
653.7591299553682
653.7591299553682
654.0581013946696
654.0581013946696
654.3584644520158
654.3584644520158
654.3584644520158
654.6602172119518
654.6602172119518
654.6602172119518
654.963357753699
654.0107032763302
654.31567305086
654.31567305086
654.31567305086
654.6220283491841
653.670406244615
653.9785929218173
654.2881628151315
654.2881628151315
654.2881628151315
654.5991139621257
654.5991139621257
654.5991139621257
654.9114443953472
655.2251521423761
655.5402352258784
655.8566916636591
656.1745194687157
656.4937166492913
656.4937166492913
658.0828215354052
658.4056500365106
660.0007575753228
661.272258604578
661.272258604578
662.872536767062
664.1460682711296
664.476485663714
665.7514551242077
665.7514551242077
667.3604723086318
667.3604723086318
667.3604723086318
668.637420430535
669.9149199711856
669.9149199711856
671.1929677819934
671.1929677819934
671.5303418312534
671.5303418312534
671.5303418312534
671.8690348572406
671.8690348572406
671.8690348572406
672.209044866253
672.209044866253
672.209044866253
672.209044866253
672.209044866253
672.209044866253
672.209044866253
672.209044866253
671.6107503606535
671.6107503606535
670.6713054842886
671.0149029641592
670.0761150794737
669.1375045534363
669.1375045534363
669.1375045534363
669.1375045534363
669.1375045534363
669.4833829155134
669.4833829155134
669.4833829155134
668.5454360026699
668.8931155274361
668.8931155274361
669.2421086572482
669.5924133381441
669.9440275127467
670.2969491203133
671.5861821091914
671.9412176671409
672.297553171213
672.297553171213
673.9473273186859
674.668066533462
675.030369687172
676.325365486169
676.6897368809431
677.0553891669425
678.3524157840083
678.7201190476086
679.0890957746266
680.3881245289339
680.7591350837681
681.1314116967444
681.1314116967444
681.5049522930849
681.8797547955211
682.2558171243394
682.6331371974261
682.6331371974261
683.0117129303128
683.0117129303128
683.3915422362205
683.3915422362205
683.7726230261051
682.8484458501755
683.2312931943326
683.2312931943326
683.6153889432273
684.0007309937614
684.3873172407566
684.3873172407566
683.8537855419096
684.2433777538515
684.6342089028271
684.6342089028271
685.0262768682672
685.4195795277517
685.8141147570528
686.2098804301786
686.6068744194163
687.0050945953749
687.4045388270287
687.4045388270287
688.2070909253987
688.6101945222711
689.0145136352354
689.4200461257274
688.5063543642862
689.3221307922734
689.3221307922734
688.8200055166807
689.2314560436139
689.6441111181912
688.7336204948906
688.6544852101089
688.6544852101089
688.163498014825
688.5826021618611
687.6750686188935
688.0959235455475
687.1892024762903
687.6118090899836
686.7059050277637
686.7059050277637
686.2251817005844
685.7470379082946
685.7470379082946
685.2714790504564
685.2714790504564
684.7985105123988
683.8961909529837
684.3281376649655
683.8603658642603
682.9597352699499
682.4954212300622
682.4954212300622
682.0337235063968
681.5746474158204
681.5746474158204
681.1181982593035
681.5607089614248
680.6643813216614
681.1086550617309
680.6592392673444
681.1064527663792
680.6614430096654
680.6614430096654
680.2190823550894
680.2190823550894
680.6709924772761
680.2330483003601
680.6878873610136
680.6878873610136
680.2543641903372
680.7121271139512
680.2830293341148
680.7437109514858
680.7437109514858
680.3190428027133
680.3190428027133
680.7826378514658
681.2473853160833
681.2473853160833
680.828906554356
680.828906554356
680.4131098090336
680.4131098090336
680.8825155634414
680.4711602999793
680.4711602999793
680.0624971280213
680.5365530226867
680.5365530226867
680.1323400633145
679.7308290786876
679.3320248597147
679.8124741426859
679.4181334053427
679.9014634489324
679.0265090554271
678.6376057956116
678.2514283066421
678.2514283066421
678.3583123983962
677.9793507179994
677.6031286822692
677.2296508570781
677.2296508570781
676.8589217850349
677.3573650592425
676.9911373127421
676.627667184841
675.7632721597113
675.4035830523851
675.0466650536094
675.0466650536094
674.6925225612034
674.3411599479896
674.8518355905984
674.5050036878896
673.6467917239717
673.3037947316204
672.9635948548777
673.4812543790658
673.145600891813
673.145600891813
672.8127525545276
672.4827135324743
672.1554879639085
672.6812023536855
671.8310799598363
671.5094936037763
671.5094936037763
671.190732951521
670.3431956841212
670.0283576088403
669.1823368858446
668.8714375722736
668.0269455643238
668.5633851775013
667.720001198107
667.4159123065616
666.5740769036852
666.5740769036852
666.2739676739592
665.4336931655926
664.59386094065
664.2988785177948
663.4606243026032
663.4606243026032
662.6228188041821
663.1696615497425
662.3329978190728
661.4967875961304
662.0460709044348
661.2110101926615
661.2110101926615
660.9281352764459
660.9281352764459
660.0946901770988
659.81588340991
659.81588340991
658.9840665752093
658.7093440964687
658.7093440964687
658.4375444945405
657.6085461731774
657.3408552646032
657.3408552646032
656.5135185203729
656.8142812089275
655.9893291815043
655.1648647477977
655.7316524310841
654.9083905402342
654.6548709052732
653.0122510336234
652.7641227886227
651.9447829379418
651.1259478779816
650.883246058769
650.883246058769
649.8276694632201
649.0123265393347
648.1975007665487
647.3831940975916
647.1514505894273
646.3389203815595
644.715441105609
643.904496024061
643.0940833190739
642.2842050058525
640.6660596597887
640.4474997999446
639.6405240445605
638.8340942686137
638.8340942686137
638.0282125423608
637.2228809451211
636.4181015653153
635.6138765005056
634.8102078574351
634.0070977520678
633.204548309628
633.204548309628
631.6011399609725
631.6011399609725
630.8002853518695
630.0
629.2002860774937
628.4011457659828
627.6025812566421
627.4081606099812
626.6115223964526
625.0199996800102
625.0199996800102
624.2251196483525
623.4308301648227
622.6371334894828
621.8440318922422
620.2596230611823
619.468320416791
617.8875302188902
617.0980473150114
615.5209175974444
614.7332754943399
614.7332754943399
612.3740686867791
611.5889142226174
610.0204914590985
610.0204914590985
608.4545997853908
606.8912587935338
606.1105509723453
605.3304882458838
603.7723080764802
602.3661677086454
600.8102861968993
600.663799475214
599.8883229401953
597.706449689143
596.9321569491796
596.158535961702
596.158535961702
594.6133197297215
594.6133197297215
593.8417297563384
593.0708220777684
593.0708220777684
592.30059935813
592.30059935813
591.5310642730439
590.7622195096772
590.7622195096772
589.3538835029426
588.5855927560578
588.5855927560578
587.8179990439218
587.8179990439218
587.05110510074
586.4094132941592
585.6423823460867
585.6423823460867
585.0008547002303
584.233686122257
583.4672227297776
583.4672227297776
581.2925253261046
581.2925253261046
579.118295342152
578.474718548702
577.7092694426843
577.7092694426843
576.9445380623687
575.5354029075883
574.1262927266091
573.3620147864698
573.3620147864698
571.1891105404584
570.4261564830281
569.6639360184213
568.2543444620551
567.4927312309824
566.0830327787612
565.3220321197467
564.5617769562513
563.151844532183
562.3922118948661
561.633332344155
560.87520893689
560.1178447434075
560.1178447434075
559.3612428475896
557.9507146693155
557.1947594872012
556.4395744373328
555.6851626595765
555.6851626595765
554.274300324307
553.5205506573355
553.5205506573355
552.7675822622018
552.7675822622018
551.3565089848854
550.6042135690573
550.6042135690573
549.1930443842128
549.1930443842128
547.7818909018442
547.030163702149
546.3707532436193
545.6189146281496
545.6189146281496
543.548525892583
542.7964627740309
541.3852602352598
540.7263633299194
539.9740734516797
538.5629025471397
538.5629025471397
537.1517476467893
535.7406088770946
534.3294863658565
534.3294863658565
532.9183802422281
532.1663273827085
531.5072906367325
529.3439335630475
528.5924706236365
527.1811832757311
525.7699116533771
525.0190472735251
524.2690149150529
522.8575331770596
522.1082263286032
520.6966487312934
520.6966487312934
518.536401808012
517.7885668880687
517.1247431713165
515.6297120996811
514.9650473575853
513.4715181974556
512.8060062050756
512.0595668474518
510.64762801759883
509.9019513592785
509.1571466649565
508.48992123738304
507.74501474657535
507.07790328508696
506.3328944479116
504.92078586645647
504.92078586645647
503.50868910079396
502.0966042506163
501.4299552280458
500.01799967601164
499.2724707011193
497.94075952868127
496.5289518245638
495.1171578525632
494.453233380064
493.7053777304841
491.62994213127416
490.9674123605354
489.5559212184038
488.14444583545145
487.48333304842333
486.0720111259236
485.41219597368996
484.6607060614673
484.0010330567488
483.24941800275354
481.9315304065506
480.52055106935853
479.10959080360726
477.6986497782886
477.6986497782886
477.04192687855016
475.631159618459
474.9757888566532
474.220412888353
473.56520142426007
472.15463568623363
471.5007953333695
470.84817085765553
469.43796182243295
469.43796182243295
468.78673189415247
468.1367321627304
467.48796775959914
466.84044383493597
466.1941655576569
466.1941655576569
464.1400650665702
464.1400650665702
463.4964940536228
462.8541887030947
462.213154291394
461.57339611377085
460.93491948430204
459.52693065804095
458.88996502429643
457.61992963593707
457.61992963593707
456.98687070855766
454.31817044886066
452.91169117168965
452.2830971858223
451.6558424287236
449.6242876002141
449.0
447.5946827208742
446.3507589329271
444.326456560939
443.7082374714267
442.47598804906914
441.6876724564542
439.6691938264495
438.44383904897103
436.4309796519949
436.4309796519949
434.42030339292387
433.2078023304751
433.2078023304751
431.80666970300496
431.20296844989366
429.2004193846972
429.2004193846972
428.00116822270473
427.4037903435111
426.8079193267154
425.4092147568033
425.4092147568033
424.8152539634141
424.2228188110583
424.2228188110583
423.0425510513097
423.0425510513097
422.45473130265685
421.8684629123158
421.8684629123158
420.7006061321994
420.7006061321994
420.9334864322391
420.3546122026021
419.7773219219923
419.2016221342661
418.6275194011975
418.0550203023521
417.48413143495645
417.7379561399706
417.17142759302203
417.17142759302203
415.4816482108446
415.4816482108446
414.3633671066978
413.25173925828796
413.25173925828796
412.146818500398
412.146818500398
411.34049156386243
411.34049156386243
410.2547988750406
409.1760012512953
408.6392051675904
408.1041533726409
407.5708527360611
407.03931014092484
405.98152667332045
404.93085829558606
404.93085829558606
403.8873605350878
403.36831804196026
402.851089113583
401.8220999397619
401.8220999397619
402.17036191146656
402.17036191146656
401.66154906836675
401.15458367068425
401.15458367068425
401.5133870744536
401.01122178811903
400.5109236962208
400.0124998046936
400.0124998046936
400.38481489686893
399.89123521277634
399.3995493237317
398.909764232464
399.2956298283266
398.81073205218536
398.81073205218536
398.81073205218536
398.32775449370837
397.84670414620757
397.7700340649104
397.7700340649104
396.8236384088025
396.8236384088025
397.23670525267426
396.76945446946894
396.30417610719167
397.1901307938051
396.72786642735343
396.2675863605299
396.2675863605299
396.6988782439396
396.6988782439396
397.13473784094987
396.6824926814895
397.57515012887814
397.12592461333975
397.12592461333975
396.6787113017284
397.12970173483626
397.58521099256194
397.58521099256194
398.4833748100415
398.0452235613436
398.5097238462319
398.5097238462319
398.9786961731165
399.45212479094414
399.45212479094414
399.9299938739279
399.9299938739279
400.83537768016436
401.31907505126145
401.31907505126145
401.807167681215
402.2996395722969
402.2996395722969
402.7964746618322
402.3853874086384
403.2976568243361
402.88956303185614
403.39806643066595
403.9108812597155
403.9108812597155
404.4279911183201
404.9493795525559
405.47503005733904
405.47503005733904
405.08394191821526
405.6168142471414
405.2307984346698
405.77087130546965
406.31514862234707
405.93718725930984
405.56133938037044
406.11574704756276
405.744993807687
405.744993807687
406.3065345278119
405.94088239545425
405.94088239545425
405.5773662323873
406.5095324835569
406.1489874418007
406.1489874418007
406.7247226319049
407.304554357056
407.304554357056
407.8884651470301
407.8884651470301
407.8884651470301
408.47643750894616
408.47643750894616
408.47643750894616
409.0684539291682
410.00731700787975
410.94646853331153
410.94646853331153
410.6044325138247
411.54465128342997
411.54465128342997
412.48515124789645
413.08836827003495
414.03019213579097
414.03019213579097
414.97228823139505
415.58152028212226
415.58152028212226
416.19466599176883
417.1390655404981
418.08372367266344
418.7027585292459
418.7027585292459
419.64866257382494
419.32564910818417
420.27253062744893
420.27253062744893
420.9002257067582
421.8483139707921
421.5317307154943
422.48076879308957
422.48076879308957
423.1170050943356
423.1170050943356
423.75700584179134
423.75700584179134
424.70813507631334
425.6594883237069
425.6594883237069
426.30505509552665
427.25753357898793
426.9543301103761
427.907700328003
427.907700328003
428.86128293423735
429.51600668659603
429.51600668659603
430.4706726363597
431.4255439818092
432.0856396595471
433.0415684434925
433.9976958464181
433.9976958464181
434.95402055849536
435.62024746331525
436.5775990588615
437.5351414458043
437.5351414458043
438.4928733742431
438.4928733742431
439.16511701181366
439.16511701181366
440.12384620695116
441.0827586746052
442.04185322206763
442.04185322206763
443.00112866673373
443.6800649116433
443.6800649116433
444.6403040661069
445.6007181322759
446.28466251933867
447.24601731038365
448.20754121277344
448.89642457921184
449.8588667571197
449.8588667571197
450.8214724256155
451.5152267642809
451.5152267642809
452.4787287818069
453.4423888433899
454.4062059435368
455.3701790851043
455.3701790851043
456.0701700396552
456.0701700396552
457.0350095999211
458.0
458.9651402884537
458.9651402884537
458.9651402884537
459.9304295216832
459.9304295216832
460.89586676384937
461.86145108679506
461.86145108679506
461.86145108679506
462.8271815699679
463.79305730034383
463.79305730034383
464.7590773723521
465.72524088780074
465.46858110940207
466.4354188952636
467.4023962283463
467.4023962283463
468.369512244339
468.369512244339
469.0842141876019
470.0521247691579
470.0521247691579
471.02016941952706
470.7706447942565
471.73933480260047
472.70815520784066
472.70815520784066
473.67710520986765
474.4006745357768
474.4006745357768
475.37038191288275
476.34021455258215
477.31017169132275
477.31017169132275
479.0093944798995
479.0093944798995
479.9802079252852
479.9802079252852
480.95114096964153
481.92219289009716
482.89336296950694
482.89336296950694
483.62795618119515
484.59983491536605
484.59983491536605
485.5718278483627
486.5439342957633
487.516153578525
487.516153578525
488.48848502293276
489.4609279605472
489.4609279605472
491.40614566771546
491.40614566771546
492.37891912631676
493.5838327984416
494.5563668582177
494.5563668582177
495.5290102506613
496.5017623332268
496.5017623332268
497.4746224683225
498.4475900232641
498.6792556343205
499.6518788116382
500.62460986251966
500.62460986251966
501.8296523721969
501.8296523721969
502.80214796677234
502.80214796677234
502.80214796677234
504.0079364454492
504.0079364454492
505.21480580046347
505.21480580046347
506.1867244406949
507.3943239729826
507.3943239729826
508.60298858736564
508.60298858736564
509.5743321636207
510.7837115648854
510.7837115648854
511.994140591472
513.2056118165506
514.1760398929534
514.1760398929534
515.3882032022076
515.3882032022076
516.3584026623369
517.3287156151299
518.5412230478885
518.5412230478885
519.754749858046
521.6943549627501
521.6943549627501
522.9082137431004
522.9082137431004
523.8778483578018
525.0923728259629
526.061783443732
526.061783443732
527.0313083679185
527.2769670675934
527.2769670675934
528.2461547422754
529.2154570682909
530.4309568643218
531.4000376364307
531.4000376364307
532.3692327698888
532.3692327698888
533.3385416412356
533.5850447679358
533.5850447679358
534.5540197211129
535.5231087450849
535.770473243907
536.739229048893
536.739229048893
537.9563179292535
537.9563179292535
537.9563179292535
538.924855615326
539.8935080180164
540.1425737710368
541.1108943645471
541.1108943645471
542.0793299877796
542.3292357968543
543.2973403211173
543.2973403211173
545.4841885884503
545.4841885884503
545.4841885884503
546.4521937004188
547.6714343472736
547.6714343472736
548.6392257212384
548.6392257212384
548.8916104296002
549.8590728541269
550.8266514975469
551.0798490237145
552.0470994398938
553.2684700938596
553.2684700938596
554.2355095083677
555.4574691189237
555.4574691189237
557.6468416480093
557.6468416480093
558.8702890653609
559.836583299091
561.0606027872568
561.0606027872568
562.285514663147
563.2512760748972
563.2512760748972
564.4767488568506
565.442304749123
566.4079801697712
566.6683333308823
567.6336846946277
567.6336846946277
568.8602640367843
569.8254118587552
570.087712549569
571.0525369876225
571.0525369876225
572.2805256165896
572.2805256165896
573.5093721989206
573.5093721989206
574.7390712314589
574.7390712314589
574.7390712314589
575.9696172542438
575.9696172542438
576.2377981354573
577.4703455589732
577.4703455589732
577.741291583006
578.7037238518515
578.9758198750618
579.2495144581478
579.2495144581478
579.5248053362341
579.8016902355495
579.8016902355495
580.0801668735107
580.0801668735107
580.3602329588064
580.6418861914804
580.9251242630155
580.2516695365899
580.538543078752
580.8269966177536
580.8269966177536
581.4086342668123
581.4086342668123
581.7018136468203
581.7018136468203
582.9519705773366
583.2478032534714
583.5451996203893
584.4997861419625
584.7982558113524
585.098282342377
585.3998633412891
586.655776414074
586.655776414074
586.9599645631719
587.9124084419379
588.2176467941097
589.4760385291331
589.4760385291331
589.7838587143599
591.0439915945343
591.0439915945343
591.3543776789007
591.3543776789007
592.9291694629301
592.9291694629301
593.2436261773067
593.5596010511497
593.8770916612292
594.8251844029471
595.4636848708744
595.4636848708744
595.7851961907077
596.1082116528844
596.4327288135687
596.4327288135687
595.8137292812243
596.4712901724608
596.4712901724608
597.1348256466039
597.4688276387313
597.8043158091116
598.1412876570217
598.8196723555432
599.1610801779435
599.1610801779435
599.8483141595049
599.8483141595049
600.8901729933682
602.1768843122426
602.5280076477774
602.8805851907988
603.5900926953656
604.8809800283027
605.2387958483824
605.59805151602
606.8912587935338
607.2528303762774
607.2528303762774
608.547450902557
608.9113235931814
608.9113235931814
609.2766202637354
609.2766202637354
610.5735008989499
610.5735008989499
610.9410773552553
610.9410773552553
610.9410773552553
612.2393322876276
612.2393322876276
612.6091739437143
612.6091739437143
613.5380998764462
613.9087880133335
613.9087880133335
613.9087880133335
615.2089076078141
615.2089076078141
615.5818385885016
615.5818385885016
616.883295283638
617.2584547821115
617.6350054846308
619.3173661379116
619.3173661379116
619.697506853142
620.461924698043
621.7692498025292
622.1543216919738
622.9285673333661
622.9285673333661
625.0199996800102
625.0199996800102
625.8066794146575
626.2020440720391
626.9968101992226
627.3962065553154
628.1990130523925
628.6024180672549
629.4132187998597
629.8206093801631
629.3170901858617
630.1396670580261
630.5529319573417
630.9675110494993
631.3834017457222
631.8006014558707
632.2191075885005
631.7317468672918
632.1534623807735
632.5764775898642
632.5764775898642
632.0957205993409
632.5219363784943
632.5219363784943
632.9494450586081
632.9494450586081
632.4752959602454
632.9059961795274
632.9059961795274
632.4365580831013
632.8704448779387
632.4057241992675
631.9438266175246
632.3827954648988
631.9256285355106
632.3677727398828
631.9153424312469
632.3606565876786
631.9129686911007
631.4681306289336
631.4681306289336
631.4784240177966
631.4784240177966
632.386748754273
631.9533210609784
631.5227628518231
631.9825946970375
631.5568066294591
631.5568066294591
631.1339002145265
631.1339002145265
630.7138812488591
631.1806397537871
630.2967555048971
629.8825287305563
629.8825287305563
629.4712066488823
629.4712066488823
629.0627949577054
629.0627949577054
628.6572993292928
628.6572993292928
628.2547254100044
628.2547254100044
627.8550788199456
627.8550788199456
627.4583651526211
627.4583651526211
627.0645899745895
627.5484045075726
627.1594693536883
627.6463972652117
627.6463972652117
626.3904533116704
626.3904533116704
626.8811689626672
626.5029928100903
626.1277824853327
626.1277824853327
625.7555433234292
625.38628062982
625.8857723259093
625.0199996800102
625.5213825282074
625.5213825282074
624.6567057192294
625.1599795252412
624.2964039620923
623.9390995922599
623.9390995922599
623.5847977621007
622.7238553323616
621.8633290362119
621.8633290362119
621.003220603565
620.6552988575864
619.7967408755874
619.7967408755874
618.9386076179123
618.0809008536019
617.2236223606482
617.7394272668695
616.883295283638
616.0275967844298
615.1723335781609
614.3175074828977
613.4631203259084
613.1304918204606
612.2777147667551
611.4253838368178
610.5735008989499
609.7220678309093
609.3972431837873
609.3972431837873
608.547450902557
608.547450902557
607.6981158437139
606.8492399270184
606.5311203887234
605.6839109634661
604.8371681700786
604.5246066125018
604.5246066125018
603.6795507551999
603.3713616007972
603.3713616007972
602.5280076477774
602.5280076477774
601.6851336039474
601.6851336039474
600.8427414889857
600.8427414889857
600.5414223848343
600.5414223848343
599.7007587122098
599.7007587122098
599.7007587122098
599.7007587122098
598.8605847774588
598.8605847774588
597.4780330689991
597.4780330689991
596.6380812519429
596.6380812519429
595.7986236976383
595.7986236976383
594.9596624982235
594.1211997564134
594.1211997564134
593.2832375855565
593.2832375855565
592.9932545990722
592.9932545990722
592.1570737566174
592.1570737566174
592.7065040979388
591.8716076988319
591.8716076988319
591.8716076988319
591.0372238700368
591.5893846241665
590.75629493049
589.9237238830118
589.9237238830118
589.6473522369112
589.6473522369112
588.8166098200695
588.8166098200695
587.9863944004147
587.9863944004147
587.1567082134036
587.1567082134036
586.3275535057174
586.3275535057174
585.4989325353207
584.9393130915378
584.1104347638382
582.722060677301
581.8934610390462
580.5049526059188
579.6766339951956
578.2879905375868
577.459955321579
576.8994713119436
576.0711761579466
574.6825210496662
573.854511178574
573.0270499723377
571.6379973374758
570.8108268069203
569.9842103076189
569.1581502535125
569.1581502535125
568.3326490709468
567.5077091987386
566.6833330882425
566.6833330882425
565.8595232034183
565.8595232034183
565.0362820208982
565.6049858337531
565.6049858337531
564.7831442244005
564.7831442244005
563.961878144259
563.961878144259
563.1411901113255
563.1411901113255
562.3210826565193
562.3210826565193
561.5015583237504
561.5015583237504
561.5015583237504
560.1089179793515
560.1089179793515
559.2897281373939
559.2897281373939
558.4711272751708
557.0780914737179
557.0780914737179
555.6851626595765
554.8666506468018
553.4735766050625
553.4735766050625
552.6554080075576
552.0806100561765
551.2621880738783
551.2621880738783
549.8690753261179
549.8690753261179
549.050999452692
549.050999452692
548.4760705810236
547.6577398339222
547.6577398339222
546.8400131665568
546.2645879058974
546.2645879058974
545.4466060028241
545.4466060028241
545.4466060028241
544.6292316796813
543.235676295289
542.4186574962185
541.6022525802491
540.2082931610732
539.3922505932023
537.9981412607297
537.1824643452167
535.7882044240989
534.9728965097204
532.763549804226
531.3689866749846
529.1597112403778
528.3455308791775
526.9506618270823
526.1368643233432
523.9284302268775
522.5332525304011
521.1381774539263
519.7432058237991
518.9296676814691
517.5345399101398
515.3261103417913
514.5133623143329
513.117920170403
512.3055728761888
512.3055728761888
510.09802979427394
509.28675616002425
507.89073628094457
507.07987536481863
505.6836956042779
504.8732514205917
504.0634880647477
502.66688770994256
502.66688770994256
501.85754950981857
500.4607876747188
500.4607876747188
498.84366288447524
498.25495481731036
497.4464795332258
497.4464795332258
496.0493927019768
496.0493927019768
494.65240320855617
493.84410495620983
492.44695145771794
492.44695145771794
490.462027072433
489.65293831447593
489.0654352947057
488.25608035128454
486.8593225974008
486.2725573173958
485.6871420986971
485.6871420986971
484.2912346925143
484.2912346925143
483.70755627755085
483.125242561388
482.54429848460546
481.96472899995496
480.57049430858734
480.57049430858734
480.57049430858734
479.99270827794874
479.99270827794874
479.4163117792301
479.4163117792301
478.84130983030275
478.84130983030275
478.2677074609993
477.69550971303886
477.69550971303886
476.3034746881446
475.7331184603401
475.1641821518116
474.5966708690654
474.03058973024093
472.9027384145708
472.9027384145708
470.3923893942163
469.834013242975
467.8899443245174
467.0588827974477
464.5621594576984
464.00969817451016
462.62403742131687
462.07358721311914
460.14019602725426
459.5932984715943
459.5932984715943
458.2095590447672
457.6647244435603
457.6647244435603
457.1214280691729
456.5796754127367
456.03947197583676
455.50082327038666
454.9637348185018
454.9637348185018
454.4282121523707
453.894260814124
453.3618863557015
452.831094338717
453.15118889836316
453.15118889836316
453.15118889836316
453.4754679141971
453.4754679141971
453.28247263709636
453.61768043143996
452.58479868418027
452.9293543147761
452.41794836191013
452.76925690687085
452.2620921545382
452.62014979450487
452.11724143191003
451.6159873166582
451.1163929630578
450.1222056286492
449.6276237065512
450.0055555212624
449.02672526253934
448.0546841625473
448.44732132102206
447.9665166058731
447.4874299910557
447.88949529990094
447.4147963579211
446.94183066703437
446.94183066703437
447.3533279187716
446.884772620415
447.3030292765744
447.7253622478852
447.2639041997465
448.15176000993233
448.5822109714116
448.5822109714116
449.01670347549435
449.45522580119143
449.89776616471437
450.79152609604364
450.3443127208336
451.2394043077355
451.6912662427734
451.2493767308715
451.7078701993137
452.60689345170164
452.1703218920941
452.6367196770496
453.5383115019061
453.10705136865835
453.5813047293726
454.48542330860295
454.059467470947
454.9648338058668
454.5415272557613
454.5415272557613
455.02747169813824
455.51728836565576
455.51728836565576
456.0109647804535
455.5974100014178
456.50848842053307
456.0975772792484
456.6015768698133
457.5150270756142
457.10939609682055
457.62102224438945
457.62102224438945
458.1364425583278
458.1364425583278
459.5737155234185
459.1786144846034
460.09781568705586
460.09781568705586
460.6256614649253
461.1572399952103
462.07899757508994
462.61539101071855
463.1554814530429
463.69925598387584
463.69925598387584
464.24670165764235
466.0997747263991
466.6529759896534
467.58100902410484
468.13886828589654
469.0682253148256
469.63070598077377
470.56136688002766
471.128432595614
472.06037749423535
472.99260036495286
472.6319921461094
473.56520142426007
474.4986828221971
475.0757834282863
476.0105040857817
476.59206875482096
476.59206875482096
477.52800964969583
477.1771159642927
477.7656329205775
478.7034572676491
479.2963592601137
479.2963592601137
479.89269633950465
479.89269633950465
480.49245571600807
481.43327678921406
482.0373429517676
482.0373429517676
482.6447969262696
482.6447969262696
483.2556259372466
483.2556259372466
484.19933911561674
484.19933911561674
485.1432778056396
484.81439747598256
485.7591996040837
485.7591996040837
486.70422229522524
486.37845347013473
487.3243273221644
487.3243273221644
488.27041687982694
489.2167208916719
490.16323811563024
490.16323811563024
492.37891912631676
492.37891912631676
493.32545038746986
493.32545038746986
494.2721922180126
495.54111837465115
496.4876634922564
497.7569688110856
497.7569688110856
498.703318617392
499.97299927096066
500.9191551538032
500.9191551538032
501.8655198357425
503.1351707046527
503.1351707046527
504.0813426422367
505.02772201137634
505.35136291495246
506.2973434652803
507.24353125495844
508.1899251264236
508.1899251264236
509.4595175281349
511.3521291634562
511.3521291634562
512.6216928691176
513.5679117701961
514.8378385472458
515.7838694647206
516.7301036324476
517.0541557709405
518.3251875029806
519.2706423436626
520.5420252006556
520.5420252006556
520.5420252006556
521.8141431582704
522.759026703509
523.0869908533379
523.4166600329035
524.6913378358747
524.6913378358747
525.9667289857791
526.3002945087528
526.3002945087528
526.3002945087528
527.5774824611074
527.9138187242307
528.8553677519025
530.1339453383456
530.4724309518828
531.4132102234569
531.7527620990793
531.7527620990793
533.0337700371338
533.0337700371338
533.7199640260799
533.7199640260799
535.3503525729669
535.3503525729669
536.0485052679468
536.4000372856065
538.042749230951
538.3985512610524
538.7559744448315
540.408179064677
541.1330705103875
542.4287971706517
544.0919040015207
544.4602832163242
545.7591043674855
547.0584977861142
547.4303608679372
548.7312639170472
550.0327262990812
550.0327262990812
550.4080304646726
551.3347440530117
551.3347440530117
552.6373132534574
553.0144663568938
553.9404300103035
554.3185005030953
555.2440904683273
555.623073674951
556.5482908068266
556.9281820845484
558.2338219778519
558.6161472782541
559.9232090206656
559.9232090206656
560.3079510412109
560.6942125615352
562.0035587075939
562.3922118948661
563.1740405949124
564.8805183399406
565.2760387633638
565.6730504452196
566.4715350306668
566.8730016502815
568.0862610554844
568.4936235350402
569.3127435777282
569.7244948218394
570.9684754870448
571.3860341310417
572.2254800338761
572.647360947381
572.5906041841763
573.0174517412188
573.4457254178463
573.875422021191
572.9729487506369
573.4047436148396
573.4047436148396
573.8379562210921
572.9371693301108
573.372479283755
572.4727067729955
572.4727067729955
572.0113635234881
572.0113635234881
571.1129485487087
570.2148717808051
569.3171348203039
567.5226867711986
565.7296173968621
563.9379398479942
563.0426271606796
561.2530623524472
559.4649229397675
557.6782226338051
556.7854164756832
555.0009009001697
554.1091950148455
553.2178594369491
552.326895959268
551.0027223163239
550.1136246267674
549.224908393638
549.224908393638
548.3365754716714
548.3365754716714
547.9096640870646
547.9096640870646
547.9096640870646
547.022851442241
547.022851442241
547.022851442241
547.022851442241
547.022851442241
547.022851442241
547.022851442241
547.022851442241
547.022851442241
547.022851442241
546.5610670364291
546.5610670364291
545.6418239101545
544.2949568019163
543.8382112356578
543.3829220724552
543.3829220724552
542.9290929762376
541.5847117487716
540.6829015236195
539.7897738935038
538.4468404587402
537.9981412607297
536.6563145999495
536.6563145999495
535.3148606194302
535.3148606194302
535.3148606194302
535.3148606194302
533.9737821279243
533.9737821279243
533.9737821279243
533.9737821279243
533.9737821279243
533.9737821279243
533.9737821279243
533.0787934255122
533.0787934255122
533.0787934255122
533.0787934255122
533.0787934255122
533.0787934255122
533.0787934255122
533.0787934255122
533.0787934255122
533.0787934255122
533.0787934255122
531.7377173005503
531.7377173005503
531.7377173005503
531.2927629847785
531.2927629847785
529.9528280894442
529.5101509886283
528.1713737036494
527.7309920783505
526.3933890162375
526.3933890162375
524.6189093046495
524.6189093046495
524.1831740908897
524.1831740908897
522.8479702552168
522.8479702552168
522.8479702552168
522.8479702552168
522.8479702552168
522.8479702552168
522.8479702552168
522.8479702552168
523.7489856792088
524.1831740908897
525.9553212964006
527.7309920783505
529.9528280894442
532.18417864495
534.8766212875638
536.6982392369105
538.0799197145346
