381.22172026263144
371.5400382193015
371.5400382193015
370.7573330360439
370.7573330360439
370.7573330360439
370.7573330360439
370.7573330360439
370.7573330360439
370.7573330360439
370.7573330360439
370.7573330360439
370.7573330360439
370.7573330360439
372.16259887312697
373.5679322425842
374.35010351274116
374.97333238511777
377.78433000853806
378.4098307391075
379.81574480266084
381.849446771892
381.849446771892
382.4787575800779
383.88539956606843
384.51657961653615
385.14932169224966
386.55659352803696
386.55659352803696
387.1911672546263
387.1911672546263
387.82728114458376
387.82728114458376
389.1040991816971
389.1040991816971
389.1040991816971
389.1040991816971
389.1040991816971
389.1040991816971
388.33619455312174
388.33619455312174
388.33619455312174
388.33619455312174
388.33619455312174
388.33619455312174
387.6957570054127
386.927641814332
386.2874577306387
385.64880396547323
384.24080990961903
384.24080990961903
383.60396244043153
382.968667125654
382.968667125654
382.3349317025584
381.7027639407396
381.7027639407396
381.849446771892
381.22172026263144
381.22172026263144
379.97105152892897
379.97105152892897
380.7532009057836
380.13155617496426
380.13155617496426
379.51152815164915
379.6801285292661
379.6801285292661
379.6801285292661
379.85391929003447
379.85391929003447
379.85391929003447
379.85391929003447
379.2413479566805
379.2413479566805
379.2413479566805
379.2413479566805
379.2413479566805
379.4232465202943
379.4232465202943
379.4232465202943
379.4232465202943
378.8152584044101
378.8152584044101
378.8152584044101
378.2089369647417
378.2089369647417
377.41356626385334
376.807643234582
376.20340243012157
375.40644640176333
374.20048102588004
372.8002145922129
372.2002149381432
370.80048543657546
370.20264720825537
369.60654756105174
368.2078217528791
367.6139279189514
367.02179771779225
366.43143969916116
365.8428624423333
365.2560745559203
363.27537764070934
363.27537764070934
362.92698990292797
362.34927901128765
362.34927901128765
361.77340974704043
362.0193365001378
361.4484748895754
361.4484748895754
361.70291677010295
361.13709308239163
361.9627052611912
361.4000553403389
361.4000553403389
361.1107863246403
361.3876035505369
361.3876035505369
361.6697388502389
362.5051723768917
361.95717978788593
362.7947077894053
363.0895206419486
363.0895206419486
363.38959808998385
364.2320688791694
364.2320688791694
364.5394354524624
365.3847287449217
364.8520247990958
365.6993300513415
366.5474048469038
366.0191251833707
366.34410053936995
366.34410053936995
366.34410053936995
366.67424234598207
366.1543390429779
366.1543390429779
365.9781414237741
366.3249923223912
365.8155272811694
366.17072520888394
365.6665147371304
365.1643465619282
365.5311204261547
365.0342449688796
365.0342449688796
364.9177989629993
363.94092927286977
364.81502162054676
364.72592449673766
364.24716882907956
364.6505176192679
365.0588993573503
364.58880948268285
365.0054794109261
364.9657518178932
364.9657518178932
365.39567594595314
365.37788657771836
366.27039192378083
366.7151483099655
366.7219655270188
367.6193683689694
367.17979247229823
368.5430775363987
369.0121949204389
369.0121949204389
369.0596157804319
369.9648631964933
369.5416079415145
370.44837697039515
370.93665227367325
371.84539798147296
371.0161721542607
371.9274122728789
371.51715976519847
372.4298591681392
372.02284876066415
372.53321999521063
372.53321999521063
372.53321999521063
372.1316971181036
372.6499698108132
372.6499698108132
372.2539455801644
372.2539455801644
372.7800960351826
372.7800960351826
372.7800960351826
372.38958094984343
372.0013440835933
372.5385886052611
372.5385886052611
371.775469873955
372.3237838226293
372.3237838226293
371.94892122440683
371.57637169228076
371.57637169228076
371.7687453242943
371.7687453242943
371.40409259996045
371.9744614889576
371.61539257678766
371.61539257678766
371.84001936316645
371.48889620014216
372.0779488225552
372.67143705950957
372.32915545253775
372.9302883918119
373.53580818979054
373.2023579775455
373.81546249453083
374.4329045369811
375.05466268265485
376.00132978488256
376.31104156003715
377.25985739275256
376.9456194200962
378.53533520663564
378.2274448000832
379.82759246795115
379.52602018833966
380.4799600504605
381.13645850272576
381.7970665157081
381.7970665157081
383.4188310451118
383.4188310451118
384.37611788455325
385.0467504083108
384.7622642619726
385.4400083022
386.1217424595512
387.0826785068017
386.8074456367147
387.76926128820475
388.45977912777533
388.45977912777533
390.1179308875715
390.1179308875715
390.5547336801847
390.5547336801847
391.52011442581085
392.2269751049767
391.97066216746373
391.97066216746373
392.68435161080714
392.68435161080714
393.4018301940142
393.15391388106514
394.12307722334657
394.12307722334657
394.84807204797136
395.5767940615324
395.337830216133
396.07322555305353
397.04533746160524
396.8122981965151
397.5550276376844
398.5285435197835
398.3013934196063
399.0513751385904
399.0513751385904
399.80495244556437
400.7804885470349
400.7804885470349
402.51459600864166
402.2996395722969
403.2765800291408
404.2536332551632
405.0197526047341
405.0197526047341
406.7677470006687
407.74624461789955
407.74624461789955
409.49969474958095
410.47898850002053
410.47898850002053
411.257826673244
412.23779545306127
412.23779545306127
414.19802027532677
414.9819273173231
415.9627387158614
416.9436412754127
417.9246343540902
417.9246343540902
419.88688953097835
419.88688953097835
420.86815037491255
421.8494992292867
421.8494992292867
422.6405091800832
423.62247343595925
423.62247343595925
424.6045218788891
424.6045218788891
425.58665392608356
426.5688690000713
426.3824574252557
427.365183420456
428.3479893731264
428.3479893731264
429.33087473416117
430.31383895942736
431.1148338899973
431.1148338899973
432.09836843015273
432.90299144265566
432.90299144265566
433.8870820847286
433.8870820847286
435.6799283878017
435.6799283878017
436.6646310385122
437.47685653071983
438.2921400162225
439.2778164214533
440.096580309368
441.0827586746052
441.90496715922984
442.89163460151286
443.71725231277634
443.71725231277634
445.5333881989093
445.5333881989093
446.52099614687774
447.3533279187716
448.34138778390735
449.32950047821254
450.1655251127078
451.1540756770352
452.142676596669
453.1313275420273
454.1200281863816
454.9604378404786
454.9604378404786
454.9604378404786
456.93872674572026
457.927941929732
458.9172038614373
460.89586676384937
460.89586676384937
461.88526713892924
462.8747130703945
462.8747130703945
464.85374043886105
464.85374043886105
464.85374043886105
465.8433213001985
466.83294656654215
466.83294656654215
467.8226159560908
468.81232918941026
468.81232918941026
469.80208598940897
469.80208598940897
470.791886081313
471.7817291926427
471.7817291926427
471.7817291926427
472.7716150531882
472.7716150531882
473.76154339498686
473.76154339498686
473.76154339498686
474.75151395229904
474.6114200058823
475.60172413480586
475.60172413480586
476.59206875482096
476.59206875482096
476.45461483755196
477.44528482329787
477.44528482329787
477.44528482329787
478.4359936292419
478.3011603581994
479.29218645832316
479.29218645832316
480.15101790999046
481.14239056645175
481.14239056645175
482.1337988567074
483.125242561388
483.98760314702275
483.98760314702275
484.97938100500727
484.97938100500727
485.9711925618637
486.96303761168565
487.95491595023407
487.95491595023407
487.95491595023407
488.9468273749202
490.0663220422313
491.05804137596607
492.0497942281858
492.0497942281858
492.0497942281858
493.1703559623186
494.16191678436735
495.15351154970114
495.2837570524598
496.2751253085329
496.2751253085329
497.3982307970144
498.38940598692506
498.38940598692506
499.3806163639114
499.3806163639114
499.5137635741382
500.5047452322505
500.5047452322505
500.5047452322505
501.49576269396334
501.49576269396334
502.6211296792048
502.6211296792048
502.6211296792048
503.6119537898202
503.6119537898202
504.6028141023393
504.6028141023393
504.6028141023393
505.5937104039171
506.5846424833662
506.5846424833662
507.57561013114093
507.57561013114093
507.57561013114093
508.5666131393212
508.5666131393212
509.5576513015971
509.5576513015971
509.5576513015971
510.54872441325324
510.54872441325324
510.54872441325324
510.54872441325324
511.5398322711536
511.5398322711536
512.5309746737264
512.5309746737264
512.5309746737264
513.522151420949
513.522151420949
514.5133623143329
514.5133623143329
514.5133623143329
515.5046071569099
515.6374695461919
516.6284932134503
516.6284932134503
517.6195514081747
517.753802496901
518.7446385265105
519.7355096585185
519.8711378793787
520.8617858895007
520.8617858895007
521.8524695735376
522.9799231328101
523.9704190123714
523.9704190123714
524.1087673374678
525.0990382775425
525.0990382775425
526.089346024038
527.2191195319077
528.2092388438506
528.2092388438506
529.1993953133356
529.1993953133356
529.1993953133356
530.1895887321817
530.1895887321817
531.1798188937528
531.1798188937528
531.1798188937528
532.3100600214127
532.3100600214127
532.3100600214127
533.1603886261619
533.1603886261619
534.150727791323
534.150727791323
534.150727791323
535.1411028878272
535.1411028878272
535.1411028878272
536.1315137165507
536.1315137165507
536.1315137165507
537.1219600798314
537.1219600798314
538.1124417814552
538.1124417814552
538.2508708771403
539.2411334458825
539.2411334458825
540.2314318882233
541.221766007244
541.221766007244
542.3513621260668
543.3415132308593
543.3415132308593
544.4722215136416
544.4722215136416
544.4722215136416
545.4621893403795
546.5939992352642
546.5939992352642
546.7375970243861
546.7375970243861
547.727121840794
547.727121840794
548.7166846378922
549.8508888780666
549.8508888780666
549.9972727205109
550.9863882166237
552.1231746630457
552.1231746630457
553.1121043694487
553.1121043694487
554.2499436174983
554.2499436174983
555.2386874128999
555.389052826935
556.3775696413363
556.3775696413363
557.5177127231026
557.5177127231026
557.5177127231026
558.506042939555
558.506042939555
558.6591089385369
559.6472103030623
559.6472103030623
559.6472103030623
560.6353538620268
560.6353538620268
560.7896218725878
560.7896218725878
561.7775360407356
561.7775360407356
562.7654929009063
562.7654929009063
563.7534922286513
563.9086805503175
564.8964506880885
565.8842637854493
565.8842637854493
567.0282179927203
567.0282179927203
567.0282179927203
568.0158448494196
569.1607857187633
569.1607857187633
570.1482263411858
570.3069349043548
571.2941449026061
571.2941449026061
571.4542851357403
572.6028291931502
572.6028291931502
573.5895745217132
573.7525599071432
574.7390712314589
574.9034701582518
576.0555528766301
576.0555528766301
576.0555528766301
577.2088010417027
577.37769267612
578.5334908196759
578.5334908196759
578.7054518492115
580.0387918062032
580.0387918062032
580.2154772151464
580.3938318073341
581.3776741499453
581.5573918367817
581.7387729900767
582.722060677301
582.9047949708425
583.0891870031547
584.0719133805356
584.2576486448423
584.4450359101359
584.4450359101359
585.4271944486351
585.6159150842811
585.6159150842811
585.8062819738279
586.787866268552
586.9795567138603
587.9608830526058
588.1538914263851
588.1538914263851
589.1349590713489
589.329279774898
590.3100880046012
590.3100880046012
591.486263576763
591.486263576763
591.6831922574783
592.663479556485
593.8417297563384
593.8417297563384
595.0210080324896
595.0210080324896
596.000838925584
596.2013082843747
597.1808771218315
597.3826244543776
597.3826244543776
598.5649505275096
599.5439933816367
599.5439933816367
599.7482805310908
599.7482805310908
599.7482805310908
600.9326085344346
600.9326085344346
600.9326085344346
602.117928648533
602.32632351575
603.5138772223884
603.5138772223884
604.7024061470237
604.7024061470237
604.9148700437112
604.9148700437112
606.105601360027
606.105601360027
607.2972912832726
607.2972912832726
607.5137858518109
608.4899341813306
608.7076473973364
609.902451216586
611.09819178263
611.09819178263
612.2948636073962
612.5177548447065
612.5177548447065
613.7165469498113
614.9162544607192
614.9162544607192
616.1168720299745
617.090755075783
617.3183943476819
618.5208161412193
618.5208161412193
619.7241321749541
620.6971886516001
621.9011175420093
622.873984044927
623.1059299990652
624.3116209073798
624.3116209073798
625.2839355045035
626.4902233874045
627.6973793158611
627.6973793158611
628.9053982913488
628.9053982913488
630.1142753501146
630.1142753501146
631.3240055629122
632.2950260756445
633.5053275229815
633.5053275229815
634.7164721353937
634.9582663451197
636.1713605625453
636.1713605625453
637.3852837962295
638.6000313185085
638.6000313185085
639.8155984344239
640.0632781217807
640.0632781217807
641.5309813251422
641.7826734962545
642.0358245456401
643.2573357529628
643.5130146314059
643.7701453158572
644.0287260674014
645.2542134693891
645.5152980371573
645.7778255716125
645.7778255716125
647.2711950952244
647.2711950952244
647.5376436933994
647.8055263734634
647.8055263734634
648.0748413570766
648.0748413570766
648.345586859354
648.6177610889174
648.6177610889174
648.8913622479498
649.8530603144068
650.1276797675977
650.1276797675977
650.403720776565
650.403720776565
650.403720776565
650.403720776565
650.6811815320925
650.6811815320925
650.6811815320925
650.9600602187511
651.2403550149514
652.2001226617487
652.4814173599123
652.4814173599123
653.0482371157585
654.0068806977492
654.2919837503742
655.8239092927308
656.1127951808287
657.3598709991354
657.6511233169149
657.943766594076
658.5332186002464
659.784813405098
660.3817078023891
660.6822231602724
660.9841147864297
661.2873807959744
661.592019298903
661.592019298903
662.2054061996172
662.514150792268
662.8242602681347
663.1357327123912
663.4485662053992
664.0783086353597
664.7134721065912
665.0330818839014
665.6763477847173
666.0
666.0
666.651333156996
666.9790101644878
667.026985960838
667.026985960838
667.6952897841949
668.0314363860431
668.0314363860431
667.4278987276454
667.7671749943988
667.7671749943988
668.1077757368192
668.4496989302935
667.8540259667527
668.1990721334473
668.5454360026699
668.8931155274361
668.3053194461346
668.6561149051132
669.008221175196
669.3616361877935
669.716357871002
670.0723841496529
670.0723841496529
670.7883421765766
669.855208235332
670.5773631729601
670.9403848331087
670.9403848331087
671.3046998196869
672.0372013512347
672.0372013512347
672.774850897386
672.774850897386
673.5176315435253
673.8909407315103
674.2655263321714
675.0185182644992
675.3969203364788
676.1575260248162
675.6160152039026
676.0
677.1595085354705
677.548522247669
678.3303030235344
678.7230657639388
678.7230657639388
678.9911634181994
678.9911634181994
679.788937832913
679.2738770186883
679.6763935874189
680.0801423361809
680.891327599346
680.3859199013453
680.795123366788
681.2055490085206
681.1196664316777
681.1196664316777
681.5342984766064
681.0411147647402
681.0411147647402
681.4587294913757
681.8775549906303
681.8775549906303
682.2975890328207
682.7188293873254
682.7188293873254
682.7188293873254
683.141273822626
683.141273822626
683.141273822626
683.5649201063495
683.5649201063495
683.9897660053109
683.9897660053109
684.4158092855541
684.4158092855541
684.4158092855541
684.8430477123937
685.2714790504564
685.7011010637215
685.7011010637215
686.1319115155627
686.563908168788
686.9970887856804
687.4314511280379
687.866992957214
687.4045388270287
687.8430053435159
688.7234568388099
687.8262862089526
688.2688428223379
689.1574566091555
688.2623046484531
688.7089370699352
689.1567310851719
689.6056844313277
689.6151100432762
688.7234568388099
689.1770454679987
688.7416061194502
689.1980847332645
688.3087969799601
688.7670143089026
688.3385794796046
688.7996806038749
688.3756242052735
687.4896362855225
687.9542135927361
687.5354536313018
686.6512943263124
687.1193491672317
686.7059050277637
686.7059050277637
686.2951260208687
685.8870169350051
685.8870169350051
686.361420827249
685.9577246448938
685.9577246448938
685.5567080847507
685.5567080847507
684.6787567903651
685.6391179038723
685.6391179038723
684.7627326307996
684.8539990392113
684.8539990392113
684.4654848858341
684.9525531013079
684.5684772175827
684.1871089110055
684.6787567903651
684.301833988482
684.7963200835705
683.9276277501882
683.5561425369535
684.0540914284484
683.6870629169459
683.3227641459049
682.9611994835432
682.6023732745148
682.2462898396736
681.892953475837
682.4023739700793
682.053516961829
681.7074152449861
680.8494694130267
680.5071638124025
680.1676263980813
679.8308613177251
679.4968726933186
678.6434999320335
678.3133494189835
677.9859880558005
677.9859880558005
676.8116429258587
675.9622770539788
675.642657031067
675.3258472767054
674.4790582367996
673.320874472194
672.4760218773603
671.6315954450029
671.324809611562
670.481916236374
669.639455229454
668.7974282247204
668.4968212340281
667.359723087931
667.359723087931
666.2281891364249
666.2281891364249
665.1022477784901
664.2665127793211
664.2665127793211
663.1477964978848
663.1477964978848
662.8672566962408
662.0347422907653
661.2026920695348
660.9273787641121
660.9273787641121
659.8257345693634
658.1686713905486
658.729838401146
657.0760990935524
656.2499523809506
655.9893291815043
655.1648647477977
654.3408897509004
653.2633465915565
652.441568264929
652.1916896128009
650.5520732424116
650.3076195155644
649.4897997659393
648.6724905528213
647.0394114735207
646.8029066106615
646.8029066106615
645.174395028197
645.174395028197
644.1311978160971
642.5083657042918
641.6977481649752
641.4748631084464
640.6660596597887
639.8577967017359
639.0500762851061
638.2429004697193
637.436271324436
635.8246613650654
635.0196847342609
634.2152631402054
634.0070977520678
633.204548309628
633.204548309628
632.402561664641
631.6011399609725
630.0
630.0
629.2002860774937
627.0007974476588
627.0007974476588
626.2020440720391
624.6062759851201
624.6062759851201
623.8092657215024
623.2054235964254
623.2054235964254
623.2054235964254
622.4082261667177
622.4082261667177
622.4082261667177
621.6116150780969
620.8155925876862
619.2253224796285
617.6374340986789
616.8443888048265
615.260107596779
614.4688763476959
614.4688763476959
612.8882442990729
612.8882442990729
612.0988482263302
610.5219078788247
610.5219078788247
608.9474525769855
608.1611628507693
607.3755016462221
605.8060745816272
605.0223136381005
604.2391910493724
603.4567093006755
601.8936783186878
600.3332407921454
598.7754169970574
597.9974916335352
597.9974916335352
596.4436268416321
595.6676925937817
594.2608854703462
592.7107220221345
592.7107220221345
591.9366520160751
591.1632600221363
588.9830218266057
588.2108465507926
586.8032038085681
586.0315691155213
584.6238106680227
583.8527211549159
582.4448471743913
581.6743074951823
580.2663181677875
580.2663181677875
577.3188027424709
577.3188027424709
575.9105833373789
574.5023933805672
573.7333875590648
572.3250824487775
572.3250824487775
571.5566463614958
569.3803649582588
568.6132253122504
567.9718302873832
567.2045486418458
565.795899596312
565.0292027851303
563.6204396577541
562.8543328428768
562.8543328428768
560.6799443532825
559.2709540106656
558.506042939555
558.506042939555
557.0969394997607
555.6878620232765
555.6878620232765
554.159724267291
553.5142274594214
552.7503957483884
550.5778782334066
550.5778782334066
549.1684623137057
547.7590711252531
546.9963436806502
544.9403637096449
544.1773607933354
542.7679061993257
542.1217575416061
541.3584764275886
539.949071672505
538.5396921304873
537.1303380000054
535.7210094816144
534.9579422721005
533.5484982642159
532.9024300939151
532.1390795647318
530.7296863752771
529.3203188996243
528.6747582398842
527.9109773437184
527.2655877259581
527.2655877259581
525.8564442887431
525.0923728259629
523.6831102871278
522.2738745141288
520.8646657242167
520.1009517391792
519.4554841369951
517.2823213681287
517.2823213681287
516.6372034609974
515.8730463980455
515.228104823485
514.463798532025
513.0545779934139
511.6453850080151
511.6453850080151
510.23621980412173
510.23621980412173
508.8270826125512
508.8270826125512
507.41797366668044
507.41797366668044
506.0088932024812
505.24449526936957
503.8352905464245
503.19081867617575
501.7818250993154
501.13870335467004
499.7299270606074
498.32118156867466
498.32118156867466
496.9124671408436
495.5037840420596
494.0951325402832
492.6865129065337
492.04572958211924
489.22898524106273
489.22898524106273
485.77360982251804
485.00412369380945
482.9575550708364
482.18772278024665
481.54958207852286
479.5049530505394
478.733746460389
476.689626486669
475.28202154089524
474.6472374300729
473.2398968810639
472.60660173129196
471.19953310672963
469.79250739023075
469.1609531919723
468.3855249684815
466.97858623281644
466.347509910796
465.57169157928837
464.94085645380744
463.53424900432117
462.12768798244497
462.12768798244497
460.7211738134031
460.09238202778363
460.09238202778363
458.0589481715208
457.43305521136097
457.43305521136097
456.0274114568114
454.62182085773225
452.59253197550663
452.59253197550663
450.5652006091904
449.9444410146657
448.5398533017997
447.3030292765744
445.89909172367686
443.87948814965534
443.2651576652512
441.86196939768416
440.6381735619373
440.028408173836
438.0182644593716
438.0182644593716
435.40555807201173
434.80225390400176
433.6000461254588
433.0011547328713
432.40374651475906
431.2134042443486
431.2134042443486
429.4391691497179
429.4391691497179
428.04205400871535
427.4540911021908
426.86766099108513
426.28277000132204
426.28277000132204
425.6994244769424
425.1176307799995
425.3527947480773
425.3527947480773
424.19924563817887
424.19924563817887
423.6248340218028
423.30249231489296
423.30249231489296
422.1670285562339
421.6017077764273
421.0380030353555
421.3039282987995
420.74457809934995
419.63079010005924
419.63079010005924
417.9724871328255
418.80783182743846
417.71282000915414
417.16783193338387
416.6245312028566
415.54301823036326
415.84853011643554
414.77945947213925
414.2475105537751
413.1888188225814
412.1371131067912
411.9465984809196
411.9465984809196
410.9111826173632
410.7420114865291
410.7420114865291
410.58494857946266
409.5753898856717
409.93901985539264
410.30720198407437
410.30720198407437
410.6799240284336
410.1865429289459
410.07804135310636
410.07804135310636
410.4655893007354
410.8576395784798
410.776094728016
410.776094728016
411.1800092416945
411.58838661944776
411.11798793047234
411.5337167231866
411.06812087536053
411.4911906711977
411.0304125000971
410.5715528382355
410.55084946934403
410.55084946934403
410.5423242492788
410.0951109194061
410.1036454361263
409.66327636242914
410.1243713801949
409.255421466839
408.8239229790742
408.4470589929618
408.93153461184676
408.09435183545486
407.6787951316575
407.7658641916952
408.27074350239695
407.4616546375867
407.5782133529711
408.100477823783
408.6269692519083
408.7701065391157
409.3079525247463
409.84997255093236
410.396150079408
410.01951173084433
410.01951173084433
409.64496823468977
410.20117015922807
411.13014970931044
410.7614879708174
410.7614879708174
411.32590484918404
411.32590484918404
411.894403943535
412.8268402126974
413.40053217188773
413.40053217188773
414.33440600558384
413.9782602987746
413.9782602987746
414.56000771902734
414.56000771902734
415.4960890309318
416.08292442733097
415.7354928316802
415.7354928316802
416.32919667013505
415.98677863605235
416.9268520975832
416.58732577936166
417.1918024122718
416.8572897287512
417.4685616905781
417.1390655404981
417.75710646259506
417.43262929483603
417.7379561399706
418.68603989146806
419.00477324250136
419.00477324250136
419.33518812520373
419.980951949014
420.9334864322391
421.283752357007
420.98574797729196
421.9407541349852
421.64558577079873
422.6014671058301
423.55755216971403
424.89175092016086
424.89175092016086
426.5231529471759
427.48216337059023
428.1600168161432
429.12002982848514
430.0802250743459
430.0802250743459
430.7632760577438
430.7632760577438
431.7244491570984
431.7244491570984
432.685798241634
434.60901969471365
435.57088975274735
435.57088975274735
436.5329311747282
437.49514283018044
438.4575235983527
438.4575235983527
439.15031595115585
439.15031595115585
440.1136216933077
441.0770907675891
441.0770907675891
442.04072210600685
443.00451464968165
443.7037299820681
444.6684157886638
446.59825346725216
446.59825346725216
447.3030292765744
449.23490514429085
450.2010661915407
451.16737470699275
451.16737470699275
451.87830220093554
452.8454482491792
453.81273670975787
453.81273670975787
455.7477372406801
455.7477372406801
457.43305521136097
458.40157067793734
460.33900551658667
461.3079231923076
463.49325777189034
464.4620544242554
464.4620544242554
467.61629569552
467.61629569552
469.80208598940897
470.7706447942565
472.95665763365673
473.92509956743163
475.1431363284121
476.111331518165
477.07965791888466
478.29802424848043
479.2661056240051
480.48517146734093
481.45300912965536
482.6727669964404
483.6403622527797
484.6080890781746
486.79564500927904
486.79564500927904
487.7632622492186
488.7310098612528
489.69888707245394
489.9510179599589
491.8861656928359
492.8539337369643
493.8218302181466
493.8218302181466
494.78985438264596
496.72628277553423
496.72628277553423
497.69468552517213
498.663213000518
499.63186447623616
500.6006392325124
500.6006392325124
501.5695365550025
502.5385557347814
503.5076960682925
504.4769568572979
506.41583703513857
507.3854550536505
510.29501271323437
510.29501271323437
512.2352974952039
512.2352974952039
513.2056118165506
513.4481473333018
514.4181178768881
515.3882032022076
515.3882032022076
517.5712511336
517.8156042453722
519.0308276008276
520.0
521.2158861738579
521.2158861738579
522.4327707944823
523.4013756191323
523.4013756191323
523.6506469011568
524.6189093046495
524.6189093046495
525.837427348035
525.837427348035
525.837427348035
525.837427348035
526.8054669420203
527.0569229219933
528.024620638091
528.024620638091
528.9924385092853
528.9924385092853
529.9603758772914
529.9603758772914
530.9284320885444
530.9284320885444
530.9284320885444
531.8966064941569
531.8966064941569
532.8648984498791
533.5850447679358
534.5540197211129
534.5540197211129
535.5231087450849
537.4616265371882
538.4310540821359
539.400593251435
540.3702434442519
540.3702434442519
541.3400040639893
541.5847117487716
542.5541447634513
542.5541447634513
543.5236885362035
543.5236885362035
543.7692525327265
544.7384693593798
545.7077972688314
545.9542105341802
545.9542105341802
546.9232121605372
547.170905659283
548.139580763878
548.139580763878
549.3568967438199
549.3568967438199
549.6071324136906
549.6071324136906
550.5751538164432
551.5432893255071
551.5432893255071
551.7943457484863
552.7621549997792
552.7621549997792
553.9819491644109
554.9495472563249
554.9495472563249
555.9172600306632
556.8850868895664
557.1373259798701
558.1048288628222
559.0724461105198
559.0724461105198
559.3254866354653
560.2927806067111
560.2927806067111
561.2601892170867
563.4483117376429
564.4156269984027
565.6368092689867
566.6039180944657
567.8256774750504
567.8256774750504
569.0483283518194
570.01491208564
570.2718649907252
571.2381289795001
571.2381289795001
572.4622258280453
572.4622258280453
573.9477328119696
573.9477328119696
575.174756052454
576.4026370515666
576.6671483620339
577.8970496550402
578.1643364995804
579.1277924603515
579.3962374748389
579.3962374748389
580.6289693082838
581.172951882656
582.1348640993768
582.4087911424415
582.9614052405185
584.2003081135784
584.4801108677694
584.7614898400885
585.328967333755
586.5730985989726
586.8602900179906
587.1490441106074
587.4393585724403
587.7312310912191
588.0246593468679
588.3196410115847
588.6161737499234
589.8686294421835
590.1677727561884
590.4684580906926
591.7237531145763
592.0270264101125
592.3318326748952
592.3318326748952
593.5899257905241
594.8487202642366
595.157122111464
596.4176389075025
596.7285815175942
598.304270417653
599.2537025334095
600.5172770204034
600.832755431992
601.7815218166805
602.097998667991
603.3639034612528
604.312005507089
604.6304656565032
605.8976811310636
605.8976811310636
606.2186074346448
607.1655457945551
607.1655457945551
608.434055588607
608.434055588607
608.434055588607
608.434055588607
609.7032064865659
609.7032064865659
609.7032064865659
609.7032064865659
610.6496540570542
610.6496540570542
610.6496540570542
610.6496540570542
610.6496540570542
610.6496540570542
610.6496540570542
610.6496540570542
610.6496540570542
611.5962720618888
611.9191123016178
611.9191123016178
611.9191123016178
611.9191123016178
611.9191123016178
612.2434156444641
612.2434156444641
612.5691797666611
612.8964023389271
613.2250810265347
613.886797382058
614.5543100491608
614.8902341068689
617.1879778479163
617.5305660451149
618.5668920981789
620.5521734713367
622.1928961343098
622.5471869665785
624.9111936907516
625.2719408385443
625.9976038292798
627.6591431660978
628.3947803729754
628.7646618568826
629.5085384647297
628.9554833213556
629.3313912399412
629.3313912399412
629.7086627957408
630.0872955392769
630.0872955392769
630.4672870181291
630.4672870181291
630.8486347769963
630.8486347769963
629.9245986624113
629.9245986624113
629.9245986624113
630.3078612868477
630.3078612868477
631.6153892995325
631.6153892995325
631.6153892995325
632.9233760890808
633.3095609573568
634.2318188170632
635.5407146674397
635.9284550953826
636.8500608463503
637.2385738481311
637.6284184381998
638.9397467680344
639.8601409683213
640.6442070291434
641.5637146846757
642.3519284628949
642.3519284628949
644.0628851284632
644.4610151126288
644.8604500200024
645.2611874272309
645.6632249090852
645.6632249090852
646.0665600385149
646.0665600385149
646.8771135231173
647.2843270155705
646.7804882647589
646.7804882647589
647.1908528401804
647.1908528401804
647.1908528401804
646.6915802761004
646.6915802761004
646.6915802761004
647.1050919286604
646.6103927404818
646.6103927404818
646.6103927404818
647.0270473480997
646.5369285663426
646.5369285663426
646.0495337046533
645.5648689326271
645.9883899885508
645.9883899885508
645.5083268246816
645.0310070066399
644.5564366290977
644.9868215707977
644.9503856886978
644.4850657695646
644.4850657695646
644.4610151126288
644.4610151126288
644.003105582574
644.4447222221623
643.9914595706996
643.9914595706996
643.540985485773
643.0933058273893
642.6484264354812
642.206353129584
640.422516780914
639.9851560778578
639.5506234849591
638.2303659338061
637.8024772607896
636.9152219879817
636.4911625466609
636.0699647051415
635.651634151915
634.3532139116188
633.9416376923036
633.1271594237606
633.6031881232922
632.8040771044384
632.408886718079
631.6272635027718
631.2408415177206
631.3477647065839
630.0991985394046
630.2205962994227
628.984101547885
627.7531361928827
627.8956919743915
626.676950270233
625.46382789095
624.256357596781
623.0545722486916
621.8585048063586
621.003220603565
620.6681883260975
619.4836559587347
618.3049409474261
616.283214115069
614.5868530972657
613.4248120185554
612.5789745004313
610.8886968998526
610.0442606893372
608.8949006191463
608.0526293011156
605.528694613228
605.528694613228
604.6883494826075
603.5536430177519
602.7155216186156
601.0407640085654
600.204131941792
599.3680004805061
597.6972477768322
597.4144290189182
596.5810925599302
595.7482689861549
594.6402273644123
594.6402273644123
593.8097338373631
592.9797635670209
591.8817449457282
591.0541430359827
590.7901488684455
589.9644057059713
589.1392025659131
588.0578202864069
588.0578202864069
586.4128238706927
586.1620936225747
584.5220269587794
584.5220269587794
583.702835353744
582.8842080550819
581.4911865196239
580.6728855388376
579.0379952990995
578.4617532732825
577.0684534784414
576.2508134484498
575.4337494447124
574.0400682879201
572.6464878090147
571.2530087448117
570.4357983156386
570.4357983156386
569.8596318392803
569.0421776986307
568.4663578436282
568.4663578436282
567.073187516391
566.4988967332594
565.1061847122185
563.7135797548254
562.8943062422998
562.3210826565193
561.5015583237504
560.1089179793515
560.1089179793515
558.7163860135122
557.8969438883852
557.0780914737179
556.2598313737924
554.8666506468018
554.0487343185615
551.837838499681
550.2045074333724
549.3887512499687
547.9945255201004
546.3643472994921
544.7366336129782
542.528340273575
541.7157926440764
540.3202753922899
538.6965750772878
537.300660710556
536.4895152749958
534.2826967065282
533.6974798516478
532.0761223734814
530.6797527699733
529.2834779208586
527.8872985780204
526.4912155012655
525.0952294584288
524.5112010243441
523.1156659860227
522.3035515866228
520.9078613344207
519.5122712698902
518.3483384751995
517.5345399101398
516.1395160225576
515.558920008179
514.1643706053542
514.1643706053542
511.3755958197458
510.79741581178735
509.9813722088288
508.5872589831562
508.5872589831562
508.0098424243373
507.1932570529699
505.7993673384735
504.4055907699676
504.4055907699676
503.01192828798804
502.43606558446817
501.04291233386385
501.04291233386385
499.6498774141749
499.07614649470077
498.5037612696618
497.11165747747253
497.11165747747253
496.54103556503765
495.1494723818253
495.1494723818253
494.0131577195085
493.44705896377576
492.8823389004723
490.9297302058615
489.80812569821666
489.24942514018346
488.6921321241012
488.1362514708368
486.7494221876386
486.1954339563464
485.09174390005853
484.5420518386407
482.6095730505146
481.5184316306075
480.9750513280289
479.89269633950465
479.3537316012049
478.81624868001296
477.74574828040073
476.90040889057747
475.83400466969573
475.83400466969573
475.3030612146318
474.77363027025837
474.24571690211394
474.24571690211394
473.7193261837646
473.7193261837646
473.7193261837646
473.1944631966862
473.1944631966862
472.6711330301439
472.6711330301439
472.1493407810711
472.1493407810711
471.2960852797315
471.2960852797315
470.77489312834007
470.77489312834007
470.2552498377876
470.2552498377876
469.737160548322
469.22063040748753
468.1922681975857
468.1922681975857
467.17020452935566
467.17020452935566
466.1544808322666
466.1544808322666
465.50832430795475
465.0086020709725
464.51049503751796
463.51914739307153
463.89654018972806
463.4058696218683
462.4294540792141
461.9437195157003
461.85387299447865
461.37403481340385
460.89586676384937
461.29925211298576
460.82534652512334
460.3531253288067
459.8825937127867
460.2977297358743
459.83149087464636
459.83149087464636
459.79125698516714
459.3310353111359
458.87253131997346
458.4157501657202
457.50737698970494
457.50737698970494
457.9486870818607
457.9486870818607
457.4997267758747
457.0525133942488
456.607052069939
456.1633479358025
456.17978911828175
456.17978911828175
455.3064901799666
454.87250961120964
455.34272806315903
455.81684918396775
456.29486080822784
455.8705956738162
456.3551248753541
457.2625066632951
457.7521163249822
458.24556735444804
458.7428473556836
459.6542178638199
460.15649511878024
460.66256631074333
461.5766458563518
462.0876540224809
463.00323972948615
463.51914739307153
464.4362173646668
464.4362173646668
464.9569872579613
465.8755198548213
466.4011149214804
466.4011149214804
467.8514721575641
467.463367548731
469.3080012102926
469.3080012102926
469.8467835369313
469.46458865392606
470.00957437056536
470.00957437056536
470.5581791872287
471.4848884110709
472.0381340527479
471.66619552391074
472.5949640019453
473.1553656041533
474.08543533839975
474.6503976612682
475.5817490190304
476.1512364784954
477.08385007250035
478.0167361086848
478.5916840063145
479.525807438974
480.1051968058667
480.1051968058667
481.04053883222775
481.9761404883026
482.560876988593
484.43472212466355
485.3720222674562
486.30957218627725
487.24737043928724
487.24737043928724
487.8401377500625
488.77909120583297
489.71828636472213
490.657721838758
491.25655211915495
491.25655211915495
493.1379117447775
492.8001623376356
493.74183537553307
493.74183537553307
495.2918331650543
495.2918331650543
497.17803652212956
496.84705896281605
498.73540078883514
498.73540078883514
499.6798975344115
500.2979112488878
501.2434538225911
501.8655198357425
502.81209213780846
503.75887088963503
504.7058549293836
504.38576506479643
506.2815422272473
506.2815422272473
508.17811837976654
507.8621860308168
509.7607281852928
509.7607281852928
511.6600433881856
511.6600433881856
513.5601230625291
513.5601230625291
515.4609587543949
515.4609587543949
517.3625421307577
518.3136116290985
520.5247352431967
520.5247352431967
521.4757904255958
522.4270283972681
523.3784481615573
524.3300487288517
525.5891931917931
526.5405967254567
527.4921800368229
527.4921800368229
528.4439421547
529.7027468307107
530.6543130890392
530.6543130890392
531.9135268067546
531.9135268067546
532.8648984498791
533.8164478545036
535.0756955796068
535.0756955796068
536.3357157601944
536.3357157601944
537.5965029648165
538.8580518095652
539.1706594391056
540.1203569575952
541.3834131186511
542.3329235810786
543.5963576036911
543.9117575489612
546.1254434651438
546.4430436925701
547.709777163052
548.0301086619238
548.9772308575284
550.2453997990351
550.567888638631
551.514279053589
551.837838499681
552.7838637297583
553.1084884541187
554.3798336880591
554.3798336880591
555.6518694290518
556.9245909456683
557.253981591877
558.1979935470926
559.4720725827161
559.8035369663182
561.0793170310237
561.4133949239188
562.6908565100379
563.0275304103699
563.3657781583827
564.6459067415614
564.6459067415614
564.9867255077769
566.2684875569186
566.9567884768644
568.5886034735483
568.5886034735483
569.2881519933469
569.6402373428338
571.2836423353989
571.6397466936672
572.7172077037671
573.0794011304192
574.7390712314589
575.8419922166149
576.584772605035
577.3335257890365
578.0882285603124
578.8488576476592
579.6153897197693
580.387801388003
581.1660692091375
583.2632338832956
584.0547919502073
584.8521180606257
586.0588707629977
586.8705138273689
587.2784688714545
589.0101866691272
589.8347226130385
589.3394607524597
589.7558817002167
590.1737032433756
590.1737032433756
590.592922409336
591.0135362240022
590.5294234837075
590.5294234837075
590.9534668652008
590.9534668652008
590.4743855579173
590.4743855579173
589.9983050823113
589.9983050823113
589.5252327084906
589.5252327084906
588.6229693105767
587.7210222546067
586.819392999243
586.3522831881871
585.4519621625672
584.5519651835925
582.7529493704858
581.8539335606489
579.1588728492382
578.7028598512366
577.8061958823217
576.0138887214439
575.5640711510753
575.1173793235604
573.330620148619
572.4377695435549
571.9973776163663
570.2148717808051
569.7797820210893
568.000880281008
568.000880281008
566.2234541238997
565.795899596312
564.0221626851201
563.1358628253043
561.3644092744036
560.9001693706288
560.0142855320746
558.2436743931811
557.3589507669183
556.0080934662732
554.6575520084442
553.7725164722424
552.4219401870276
551.0716831774248
549.7217477961009
548.3721364183268
547.4860728822241
546.136429841482
544.7871143850596
543.4381289530576
542.9769792541854
541.6290243330761
540.7411580414422
539.3931775616003
539.3931775616003
538.0455371062936
537.1573326316974
536.269521789184
534.9214895664596
534.0337068013591
533.1463213790375
533.1463213790375
532.2593352868506
532.2593352868506
531.3727505245258
530.4865691042517
529.6007930507658
529.1370332909992
528.2508873631922
527.3651486399153
527.3651486399153
526.479819176386
525.1295078359242
525.1295078359242
525.1295078359242
524.2442178984905
523.7795337735143
522.429899603765
521.9674319342156
521.9674319342156
520.6188625088415
520.1586296506096
519.6999134115764
519.6999134115764
518.8111409752107
518.3531614642666
518.3531614642666
518.3531614642666
518.3531614642666
518.3531614642666
517.8967078481963
517.8967078481963
517.0067697815958
517.0067697815958
517.0067697815958
517.0067697815958
517.0067697815958
517.0067697815958
516.5510623355642
517.4417841651368
517.4417841651368
517.4417841651368
517.4417841651368
518.3329046086116
518.3329046086116
518.3329046086116
519.2244216136218
518.7725898695883
518.7725898695883
518.7725898695883
518.7725898695883
518.7725898695883
518.7725898695883
518.7725898695883
518.7725898695883
518.3222935587471
518.3222935587471
517.880295048962
