452.59253197550663
391.72566931463655
391.3463938763203
384.1939614309418
384.0377585602749
384.0377585602749
383.3457968988313
384.0690042166902
383.3797073398643
382.78061601915005
382.83286170338096
382.890323722081
382.9529997271206
383.020887158912
382.4264635194589
382.50751626602056
382.0274859221519
382.12694225872116
382.2316051819891
382.3414704161713
383.22056312259656
382.57678967757573
383.3431882791189
383.4709897762802
383.4709897762802
382.83286170338096
382.83286170338096
382.83286170338096
382.83286170338096
382.83286170338096
382.0628220594095
382.0628220594095
382.0628220594095
382.0628220594095
381.29384993728917
381.1679419888299
380.4024184991468
379.63798545456433
378.7611384500791
378.00132274900835
378.65287533570904
377.89548819746443
377.1392315843049
377.1392315843049
376.3841123108147
376.3841123108147
376.3841123108147
376.3841123108147
376.3841123108147
376.3841123108147
376.3841123108147
375.6301372360849
375.6301372360849
375.6301372360849
374.97333238511777
374.97333238511777
375.7286254732264
375.9414848084739
376.8195854782498
376.9416400452463
377.2015376426772
377.9735440477283
378.1137395017536
378.2591704109763
379.0369375140106
380.13155617496426
380.9160012391183
381.08398024582453
381.87170620510756
382.227680839575
383.020887158912
383.2088203577783
384.2004685057008
385.0
385.2025441245164
386.21496604870197
386.42981251451084
387.2376531278951
387.2376531278951
387.45967532118743
388.270524248236
387.6867292028449
388.499678249545
387.9188059375312
387.9188059375312
387.9188059375312
387.33964424003904
387.33964424003904
387.33964424003904
387.33964424003904
386.76220084180926
386.76220084180926
386.76220084180926
386.186483450677
386.186483450677
384.79345108772316
383.4005738128205
382.0078533224154
381.43544670101124
380.8648054100037
378.90500128660216
378.90500128660216
377.5142381420865
376.9482723133242
376.3841123108147
374.9946666287402
373.8729730804301
373.31488049634453
372.75863504417975
372.4862413566439
371.93682259222464
371.14013525890726
371.9811823197512
371.44178547923224
371.2142238654117
371.0
371.32330926027254
370.7991370000745
370.6116565894818
371.46736061193855
371.29637757457317
371.6463372616499
372.0013440835933
372.0013440835933
371.860188780676
372.7264412407577
372.2284244922733
373.0965022618143
372.60166397910785
372.60166397910785
372.60166397910785
372.60166397910785
372.60166397910785
372.1088550411022
372.1088550411022
372.1088550411022
372.1088550411022
372.1088550411022
372.1088550411022
372.1088550411022
372.1088550411022
372.1088550411022
371.6180835212409
371.6180835212409
371.12935750220566
371.12935750220566
369.7688467137274
369.2830892418444
367.92390517605673
367.441151750862
366.9604883362785
365.60361048545457
364.6505176192679
364.17715469260287
363.7059251648232
363.23683733894615
362.30512003006527
361.8425071768103
361.3820692840197
361.3585477057378
360.45526768241297
360.00694437746614
360.45665481441733
360.0138886209808
360.0347205478938
360.50104022041324
360.06943774777665
361.0235449385538
360.6008874087805
361.08863177895813
362.49137920783716
362.0787207224418
362.58102542742085
364.00274724238005
364.00274724238005
364.51611761347397
365.4326203282898
365.95218266871973
365.95218266871973
366.87054937675225
367.78934187928826
367.78934187928826
367.78934187928826
367.39624385668395
367.39624385668395
367.39624385668395
368.7085569931894
368.7085569931894
368.3164400349243
368.3164400349243
368.3164400349243
368.3164400349243
368.3164400349243
368.3164400349243
368.3164400349243
368.3164400349243
368.3164400349243
368.3164400349243
368.3164400349243
368.3164400349243
367.92662311933884
367.0054495508207
366.23080154459973
365.3080891521566
364.9232796081938
363.23546082396746
362.8567210346255
362.8567210346255
362.10633797270106
362.10633797270106
361.7347094211447
361.3654659759286
361.9295511560226
361.9295511560226
362.1380952067871
361.7803200838874
361.4249576329781
362.008287197959
361.65867886724357
362.2499137335991
362.8456972323084
362.8456972323084
363.1087991222466
363.7169228947149
363.7169228947149
364.3295211755424
364.9465714320385
365.8920605861789
365.5680511204446
366.19393768876074
367.14166203251847
367.14166203251847
369.0379384290997
369.0379384290997
369.0379384290997
369.98648623970035
370.9353043321706
370.9353043321706
370.9353043321706
371.8843906377357
371.8843906377357
372.83374310810444
374.0975808529106
374.0975808529106
374.0975808529106
374.0975808529106
375.04666376332426
375.3624914665822
375.3624914665822
376.31104156003715
376.31104156003715
376.31104156003715
376.31104156003715
376.31104156003715
375.99601061713406
375.99601061713406
375.99601061713406
375.99601061713406
375.99601061713406
375.99601061713406
376.6337743750552
377.27576121452597
376.96949478704505
377.3181681287028
377.9748668893211
377.6797585256589
378.05422891431857
377.76712403278293
378.4415410601748
378.8416555765746
379.2545319439176
379.94736477570154
379.41533970043963
380.1184026063458
380.82541931966676
380.3156583681508
381.2833591962807
381.03280698648507
381.5088465553584
382.4787575800779
382.23683757586736
382.968667125654
383.94009949469984
383.7043132413291
384.67648745406836
385.41665765765754
386.38969965567145
387.36287896493127
387.36287896493127
388.33619455312174
389.30964539810725
389.08225351460067
390.2832304878087
390.2832304878087
390.2832304878087
391.2569488200817
392.23079940259663
392.23079940259663
393.2047812527208
394.17889339740145
394.4058823090751
394.4058823090751
395.37956446938426
395.37956446938426
395.37956446938426
395.37956446938426
395.37956446938426
395.37956446938426
396.35337768208814
396.5816435489671
396.35337768208814
397.32732098359406
397.32732098359406
397.32732098359406
398.3013934196063
398.07662578955825
399.0513751385904
398.82953752198443
399.58603579204316
399.58603579204316
400.3461002682554
400.13247806195386
401.10971067776455
401.8768468075761
401.6690179737541
402.4425424827748
403.21954317716296
403.21954317716296
404.0
404.7838929601819
404.7838929601819
406.5525796253173
406.36190766359977
406.36190766359977
407.3438351073942
407.9534287146022
408.93642537685486
408.7542048713383
409.7377209874629
409.7377209874629
410.7213167100047
410.7213167100047
411.5264268549469
411.5264268549469
412.51060592425983
412.51060592425983
413.4948609112331
413.4948609112331
414.4791912750265
414.6564843337193
415.6404696369207
415.6404696369207
416.6245312028566
416.80331092734855
416.80331092734855
417.96770210149015
417.96770210149015
419.13363024219376
419.13363024219376
420.30108255868197
420.30108255868197
420.4878119517854
421.47004638526806
421.47004638526806
422.6405091800832
422.6405091800832
422.6405091800832
423.81245852381454
424.7940677551889
424.7940677551889
425.77576257931827
425.77576257931827
425.77576257931827
426.75754240552095
427.7394066484873
427.7394066484873
428.7213547282197
429.7033860699727
429.7033860699727
430.6855001041944
430.49854819731974
431.4811699251776
432.28000185065235
432.28000185065235
433.0819783828461
433.0819783828461
433.0819783828461
433.8870820847286
434.69529558070906
434.69529558070906
435.50660155731276
436.32098276383635
436.32098276383635
437.13842201298206
437.13842201298206
437.13842201298206
437.95890218147184
437.79561441384953
437.79561441384953
438.62170488930434
438.62170488930434
439.6089171070123
439.6089171070123
439.6089171070123
440.4384179428493
440.4384179428493
440.4384179428493
440.4384179428493
441.42609800509075
441.2708918566916
441.42609800509075
442.4138334184409
442.4138334184409
442.4138334184409
443.2471094096384
443.40162381299416
443.40162381299416
444.3894688221133
444.3894688221133
445.5333881989093
446.52099614687774
446.52099614687774
447.5086591340999
448.65354116511776
448.65354116511776
449.64096788437774
450.78708943358174
450.78708943358174
452.92162677443434
452.92162677443434
453.90858110416906
454.0704791108975
455.05713926934493
455.22082553415765
456.20718977236646
457.3587213555679
457.3587213555679
458.51172285995045
458.51172285995045
459.4975516800933
460.65171225124084
461.6373035186823
461.6373035186823
462.7926101397904
462.7926101397904
463.7779641164509
463.7779641164509
464.7633806572975
465.7488593652163
465.7488593652163
465.7488593652163
467.72000171042504
467.552136130293
467.552136130293
468.5381521285113
469.5242272769319
470.5103612036615
471.33215464256205
472.3187483045745
473.30539823669875
473.1437413725347
475.1178801097681
474.9589455942482
475.94642555649057
476.9339576922574
477.7656329205775
477.7656329205775
478.7535900648683
479.7415971124455
479.7415971124455
480.72965375562177
481.71775968921884
482.70591461054215
482.70591461054215
483.69411821935563
483.69411821935563
483.69411821935563
484.6823702178572
485.67067031065403
485.67067031065403
486.81207873264606
486.81207873264606
486.967144682267
487.95491595023407
487.95491595023407
488.1116675515962
489.09917194777586
489.09917194777586
489.2576008607327
489.2576008607327
490.404934722317
490.404934722317
490.404934722317
490.404934722317
491.553659329274
491.553659329274
491.553659329274
491.553659329274
492.54035367673174
492.54035367673174
492.7037649541558
492.7037649541558
493.69018625044595
493.69018625044595
493.69018625044595
494.67666207331837
494.5139027368189
494.5139027368189
495.5007568107238
496.4876634922564
496.4876634922564
497.3147896453513
498.30211719397704
498.30211719397704
499.1322470047392
499.1322470047392
499.96499877491425
499.96499877491425
499.96499877491425
500.80035942479117
500.80035942479117
500.80035942479117
501.78880019386645
501.63831592094317
501.63831592094317
502.62709835423715
502.62709835423715
503.61592508577405
503.61592508577405
503.61592508577405
503.61592508577405
503.61592508577405
503.61592508577405
504.6047958551326
504.6047958551326
505.5937104039171
505.5937104039171
505.5937104039171
506.5826684757385
506.7316844248048
507.7203954934251
507.7203954934251
507.7203954934251
508.859509098533
509.848016569644
509.848016569644
510.8365687771383
510.8365687771383
511.825165461801
512.9649110806703
512.9649110806703
513.9533052719868
514.9417442779329
514.9417442779329
515.9302278409359
516.9187557053816
516.9187557053816
517.907327617596
517.907327617596
517.907327617596
518.8959433258271
520.0355757061242
520.0355757061242
521.0239917700527
522.0124519587631
522.0124519587631
523.0009560220708
523.0009560220708
523.0009560220708
523.0009560220708
523.9895037116679
523.9895037116679
524.978094781106
525.9667289857791
526.9554060829056
527.9441258315126
527.9441258315126
527.9441258315126
528.9328879924182
528.9328879924182
529.9216923282156
529.9216923282156
530.9105386032566
531.8994265836353
531.8994265836353
531.8994265836353
532.8883560371722
533.8773267333986
533.8773267333986
534.8663384435405
535.8553909405036
535.8553909405036
536.8444839988579
537.8336173948222
537.8336173948222
538.9703145814248
538.9703145814248
539.9592577222841
540.1083224687433
541.0970338118664
542.0857865688788
543.0745805135792
544.063415421401
544.2131935188635
545.2017975025394
545.2017975025394
546.3414683144599
546.3414683144599
547.4824198090748
547.4824198090748
547.4824198090748
548.4706008529537
548.4706008529537
549.4588246629587
550.600581183856
550.600581183856
550.600581183856
551.7435998722596
551.7435998722596
551.7435998722596
552.8878729001026
552.8878729001026
552.8878729001026
554.0333924954343
555.020720333935
555.1801509420163
556.3281405789213
556.3281405789213
557.3149917237109
557.4773538001342
557.4773538001342
558.627783054155
558.627783054155
559.7794208436034
559.7794208436034
560.9322597248263
560.9322597248263
560.9322597248263
562.0862923075068
562.2561693747789
562.2561693747789
563.2415112542753
564.3979092803232
564.5706333134942
564.5706333134942
565.7296173968621
565.7296173968621
566.8897600062996
566.8897600062996
567.8741057664101
568.0510540435604
569.0351482992944
569.0351482992944
569.2134924613084
570.1973342624464
570.1973342624464
571.3606566784241
571.3606566784241
572.5251086197006
572.5251086197006
572.5251086197006
572.7076042798803
572.7076042798803
573.6906832082948
573.8745507512945
573.8745507512945
574.8573736154038
575.0426071170726
576.025173061039
576.025173061039
577.1940748136626
577.1940748136626
577.1940748136626
578.3640721898275
578.3640721898275
578.5533683248244
579.5351585538189
579.5351585538189
580.7073273172984
580.8993028055723
581.8805719389504
583.0548859241297
583.0548859241297
584.2302628245134
584.2302628245134
584.2302628245134
585.4066962377523
586.3872440631702
586.584179807127
587.762707221205
587.762707221205
588.7427281928839
588.9422722134997
588.9422722134997
589.9220287461725
590.1228685621326
590.1228685621326
591.1023600020558
591.304490089497
592.2837157984338
592.2837157984338
592.4871306619242
593.4660900169445
593.6707841893518
593.6707841893518
594.8554446249946
594.8554446249946
594.8554446249946
594.8554446249946
595.8338694636283
596.0411059650165
596.0411059650165
596.0411059650165
596.0411059650165
597.0192626708119
597.2277622482063
597.2277622482063
598.4154075556544
598.4154075556544
599.6040360104324
599.6040360104324
599.8166386488457
600.7936417772745
600.7936417772745
601.0074874741579
602.1993025568861
602.1993025568861
603.175762112504
603.3920781713992
603.3920781713992
604.5858086326539
605.5617227005023
605.5617227005023
605.7804882958843
606.7561289348464
606.7561289348464
607.9514783270125
607.9514783270125
609.1477653246378
610.1229384312641
610.1229384312641
611.09819178263
611.3198835307093
611.3198835307093
612.2948636073962
612.5177548447065
613.4924612413749
613.7165469498113
614.6909792733256
614.6909792733256
614.6909792733256
615.6654935920966
615.8904123299859
616.8646529020771
616.8646529020771
617.090755075783
618.0647215300353
618.0647215300353
618.0647215300353
618.0647215300353
619.2656941894973
619.2656941894973
620.4675656309522
620.4675656309522
620.6971886516001
620.6971886516001
621.9011175420093
621.9011175420093
623.1059299990652
623.1059299990652
623.3393939099309
624.3116209073798
624.5462352780617
624.782362106998
625.9912139958516
626.2299897002698
627.4408338640385
627.6822444517608
627.6822444517608
628.1695630958253
628.1695630958253
629.1390943185776
629.6316383410224
629.6316383410224
629.8801473296329
631.0982490864635
631.0982490864635
631.6019315993262
632.5693637855061
632.8230400356802
633.078194222483
633.3348245596479
634.8180841784518
635.0787352761861
635.3408534007552
636.5689279253269
636.5689279253269
636.8335732355824
638.0634764660958
638.3306353293723
638.3306353293723
638.8693137097758
640.1031166929279
640.1031166929279
641.3376645730391
641.6112530185237
642.8475713573164
642.8475713573164
642.8475713573164
644.0846217695312
644.3616996687497
645.3224000451247
645.6004956627589
646.5609020038252
647.800123494894
648.0802419453937
648.0802419453937
649.3211840068057
649.3211840068057
650.5628332451831
650.5628332451831
651.8051856191388
651.8051856191388
652.0897177536232
652.0897177536232
653.333758503263
653.333758503263
654.5784903279362
654.5784903279362
654.8663985882922
656.1127951808287
656.1127951808287
656.4030773846205
657.3598709991354
657.6511233169149
657.6511233169149
658.8998406434774
658.8998406434774
659.4884381094182
659.784813405098
660.082570592498
661.3357694847602
661.6358515074587
661.9373082097729
662.2401377144095
662.2401377144095
663.8019282888533
663.8019282888533
664.4162851706752
664.7255072584472
665.0360892462904
666.2979813867066
666.9250332683577
666.9250332683577
667.557488161132
667.8757369451297
669.1427351469939
669.463217809612
669.7850401434777
671.0543942185313
671.7038037706799
671.7038037706799
672.3585353068703
673.3030521243759
673.6319469858893
673.9621651101788
675.2369954319743
675.2369954319743
675.5693894782386
675.5693894782386
676.8456249396903
677.1801828169516
677.1801828169516
677.5160514703692
677.8532289515186
677.8532289515186
678.1917133082651
678.1917133082651
678.53150258481
678.8725948217383
678.8725948217383
680.1543942370732
680.4976120457735
680.4976120457735
680.842125606223
681.1879329524269
681.5350321150044
681.5350321150044
681.5350321150044
681.8834211212353
682.233097995106
682.233097995106
682.9363074255168
682.9363074255168
683.2898360139715
683.6446445339859
683.6446445339859
684.0007309937614
684.358093398478
684.358093398478
684.7167297503399
685.0766380486201
685.4378162897054
685.4378162897054
685.8002624671414
686.1639745716762
686.1639745716762
686.528950591306
686.8951885113187
687.2626863143379
687.6314419803679
687.0727763490561
687.0727763490561
687.8175630208929
687.8175630208929
688.191833720802
688.5673532778039
688.0181683647605
688.0181683647605
688.0181683647605
688.3966879641418
688.776451397694
688.776451397694
688.2332453463724
688.6160032993715
689.0
689.0
689.3852333782614
689.3852333782614
689.7717013621246
689.7717013621246
690.1594018775662
690.1594018775662
690.5483328486139
689.6274356491336
690.0181157042183
690.0181157042183
690.4100231022143
690.4100231022143
690.8031557542279
691.1975115695947
691.5930884559215
691.9898843191279
691.4708959891226
691.8706526512018
692.2716229920161
692.6738049038667
692.6738049038667
693.0771962775864
692.567686222798
692.9740254872472
693.3815688349381
693.7903141439782
694.2002592912221
693.7002234394912
693.7002234394912
694.5271772940207
693.6173296566342
694.0331404191013
694.4501421988479
694.4501421988479
693.960373508459
694.3802992597068
694.3802992597068
693.4731429550823
693.8948047074571
692.9884558923042
693.4118545280287
693.4118545280287
692.9314540414514
692.0267335876556
692.4536085543926
691.9783233599156
691.9783233599156
691.9783233599156
691.9371358729057
691.9371358729057
691.4687266970213
691.4390790228739
691.4390790228739
691.4166616447712
691.8569216246955
691.4014752659991
690.9486232709347
690.945005047435
691.3927971855073
690.9486232709347
690.5070600652828
690.5222661145692
690.5222661145692
690.0876755891239
689.6557112066861
689.2263779049667
689.6868854777507
689.2619240898194
688.3756242052735
688.8396039717809
688.4199299845989
687.5354536313018
688.0029069706028
687.5885397532452
686.7059050277637
686.7059050277637
686.2951260208687
685.4137436614471
685.8870169350051
685.006569311565
685.006569311565
684.1264502999427
684.1264502999427
683.7228970862392
682.8440524746482
681.9655416514826
681.5665778190712
681.5665778190712
680.6893564615212
680.6893564615212
680.2940540677979
680.2940540677979
679.4181334053427
679.4181334053427
679.0265090554271
678.1519003881062
677.7639707154697
678.2514283066421
677.8679812470862
677.8679812470862
677.9793507179994
677.6031286822692
676.7340688926486
677.2296508570781
676.8589217850349
676.8589217850349
676.4909459852364
676.9911373127421
676.627667184841
676.2669591219136
676.2669591219136
675.9090175460008
675.5538468545642
674.6925225612034
674.3411599479896
674.3411599479896
673.992581561548
673.1337162852564
673.6467917239717
672.7889713721532
671.9315441322873
671.5906491308526
671.2525605165316
671.2525605165316
670.3976431939479
669.5431278117937
669.2099819936938
668.3569405639474
668.0276940367069
667.1761386620477
666.3249957790867
665.1511106508054
665.1511106508054
663.4530880175327
662.6047087064806
663.134978718511
661.4408514750204
661.1278242518613
659.9734843158474
659.1297292642777
658.824711133394
657.6815338748687
657.6815338748687
657.3834497460367
656.2499523809506
656.7960109501275
655.6706490304412
654.8350937449825
654.5509911382001
654.2698220153517
653.1600110233326
652.8859012109236
652.0559791919709
651.7860078277225
650.6919393998976
650.429089140392
650.1692087449236
649.0893621066363
649.0893621066363
648.0154319150123
648.0154319150123
646.9474476338862
646.1284701976845
645.3100030218035
645.0682134472291
644.2515036847024
643.1990360689294
642.384619990236
641.5707287587238
640.5279072764902
640.5279072764902
639.7163433897871
638.9053137985316
638.0948205400198
636.4754512155201
636.4754512155201
634.8582518956496
633.2432392059153
633.2432392059153
631.8457090144714
631.0388260638168
631.0388260638168
630.2324967819416
630.2324967819416
628.6215077453205
628.6215077453205
627.0127590408348
627.0127590408348
626.2092302098397
625.4062679570776
624.6038744676501
624.6038744676501
623.8020519363495
623.0008025677014
622.2001285760073
621.400032185387
621.400032185387
620.6005156298212
619.8015811531945
619.0032310093382
618.8093405888441
618.0129448482451
616.4219334189853
615.6273223306451
614.8333107436519
613.2470953865171
613.0660649554826
612.2752648931688
611.4850774957636
609.9065502189659
608.9474525769855
608.1611628507693
606.5904714055439
605.8060745816272
604.2391910493724
603.2992623897364
602.5188793722567
600.9600652289635
600.1816391726758
598.6267618474803
597.074534710701
596.2994214318843
595.5249784853696
593.9781140749211
592.4339625646052
592.4339625646052
590.2550296270249
589.4845205770886
588.7147017019364
587.9455757125825
586.5372963418439
585.768725692999
584.3603340405643
584.3603340405643
583.5923234587651
583.5923234587651
582.1838197682928
580.7753438292641
580.007758568797
578.599170410743
578.599170410743
577.1906097642268
576.423455456143
576.423455456143
575.0147824186784
575.0147824186784
573.6061366477873
572.839419034689
572.0734218612153
572.0734218612153
570.6645249180993
569.8991138789391
569.1344305170792
566.961197966845
566.961197966845
565.4352305967501
564.0257086339238
563.2637037835831
562.5024444391331
561.7419336314497
560.9821744048558
559.5721579921575
559.5721579921575
558.0546568213547
555.8866790992568
555.1297145712883
553.7192429381519
553.7192429381519
551.5523547225594
550.1417999025342
549.3860209360992
548.7312639170472
547.9753644097516
546.5647262676215
545.9102490336667
544.4997704315402
543.7435057083441
542.3329235810786
541.6788716573686
540.2684517904039
539.6156039256092
539.6156039256092
538.2053511439663
536.7951192028482
535.3849082669402
533.3235415767806
533.3235415767806
531.9135268067546
530.5035343897343
529.8537534074851
529.0935645044268
528.4439421547
526.924093205084
525.5140340656945
523.345010485435
523.345010485435
521.1765535785354
519.7662936358994
519.0086704478067
517.5982998426482
516.1879502661797
515.4308877046466
513.264064590538
513.264064590538
511.0978379919054
509.68715895144936
508.2764995551142
506.1106598363642
505.4552403526943
503.2891812864648
503.2891812864648
501.12373721467236
499.71291758368625
498.30211719397704
496.89133620943727
495.4805747958239
494.82522166922735
494.06983312078466
492.65911135388535
492.0040650238573
492.0040650238573
490.5935180982317
490.5935180982317
489.9397922194114
489.9397922194114
488.5294259305165
488.5294259305165
488.5294259305165
487.8770336877931
487.8770336877931
487.2258203338571
486.46685395821163
486.46685395821163
485.8158087176662
485.8158087176662
485.165950989968
484.51728555336393
483.7561369119776
482.46036106606726
481.814279572534
479.7603568449565
479.116895965901
477.7080698501963
476.42523023030594
475.0168418066879
472.96934361541867
471.69481659225386
469.6519988246617
468.2445942026453
466.2038180881834
464.94085645380744
463.53424900432117
461.4986457184896
458.8387516328585
458.21392383907323
456.18526938076377
455.56338746655223
452.91941888154895
452.30189033432083
450.2821337783679
448.26443088873333
448.26443088873333
446.24880952222156
446.24880952222156
445.6377452595325
445.0280890011326
443.625968581642
443.625968581642
443.0180583226828
442.41157308551504
442.41157308551504
441.8065187386895
440.40549497026035
439.80222827993947
439.2004098358744
439.2004098358744
438.60004559963284
438.0011415510238
436.6016491036194
436.0045871318328
436.0045871318328
434.0103685397389
434.0103685397389
432.23373306580316
430.8363958627451
430.2476031310343
428.2639373096922
427.6786176558281
427.09483724343943
425.6994244769424
423.72278673680034
422.5647879319809
420.5948168962618
419.44725532538655
418.3061080118243
418.3061080118243
416.3472108709268
415.7811924558397
415.7811924558397
414.65407269192474
414.65407269192474
414.0929847268606
414.0929847268606
413.533553656774
413.533553656774
413.533553656774
412.97578621512423
412.97578621512423
412.97578621512423
412.97578621512423
413.25173925828796
413.25173925828796
413.25173925828796
412.6984371184364
413.53234456327596
413.53234456327596
412.9818397944394
412.9818397944394
412.4330248658562
412.7238786404295
412.7238786404295
411.6369759873377
411.0960958218893
410.55693880386434
410.01951173084433
408.9498746790369
407.8872393198885
407.35856441223865
405.4552996324009
404.40820961004243
403.36831804196026
402.851089113583
402.3356807443257
401.3103537164223
400.8004491015448
399.7861928581326
398.7793876318083
398.27879682453596
397.28327425150934
397.6581446418519
396.67619036186176
396.18808664572435
396.5766004191372
396.0934233233367
395.6121838366458
395.1328890386119
395.53508061864756
395.9419149319759
395.9419149319759
395.47060573448437
395.47060573448437
395.47060573448437
396.35337768208814
396.35337768208814
395.8850843363513
395.8850843363513
395.8850843363513
396.30417610719167
396.30417610719167
396.72786642735343
396.72786642735343
396.72786642735343
397.1561405794955
396.6988782439396
397.58898375080764
397.13473784094987
396.6824926814895
397.12592461333975
396.6787113017284
396.6875344651001
396.2473974677941
395.8092975158618
396.27389517857466
395.4099138868422
395.8850843363513
395.03544144797945
395.5211751600665
395.5957532633534
395.5957532633534
395.6829538911172
396.18808664572435
396.6976178400874
397.2115305476416
398.12812008196556
397.72980778412875
398.25243250983414
398.25243250983414
399.1716422793583
399.6998874155458
400.62076830838413
401.5420276882608
402.4636629560487
402.4636629560487
403.3856715353187
404.3080508721042
404.3080508721042
405.2307984346698
405.2307984346698
406.15391171328145
407.07738821997964
407.07738821997964
408.0012254883556
408.9254210733297
409.84997255093236
409.84997255093236
410.77487751808775
410.77487751808775
410.77487751808775
410.396150079408
410.396150079408
411.3222580896881
411.8737670694748
412.8014050363685
413.35819817683546
413.9190742162047
413.9190742162047
414.48401657965053
414.69265727765185
415.26858778385827
415.26858778385827
415.84853011643554
416.08292442733097
416.673733273409
416.32919667013505
417.8672037860832
418.1339498294775
418.1339498294775
418.74335815628166
419.35665012015727
420.91923215742946
421.86490728668105
421.5412198113015
423.1146416752793
424.062495394252
424.69400749245335
424.69400749245335
426.59231122935165
427.5418108208833
428.49154017319876
429.13051627680824
429.13051627680824
430.08138764657093
430.08138764657093
431.983795992396
431.983795992396
432.9353300436452
433.8870820847286
433.8870820847286
434.8390506842733
434.8390506842733
435.79123442308935
435.79123442308935
436.74363189404374
437.69624170193646
437.69624170193646
438.64906246337745
439.30058046854435
440.2544718682594
441.2085674598806
441.86536410992886
441.86536410992886
443.48167944121434
443.1895756896816
444.14637226932297
444.81456810675616
445.4862511907635
446.84001611314983
446.84001611314983
447.52206649505007
449.16923314047233
449.8588667571197
449.8588667571197
450.5518838047401
451.2482686947397
451.9480058590811
452.9127951383136
453.61657818029533
454.3236731670495
455.03406465890004
455.03406465890004
456.00109648990974
456.7154475162845
458.65128365676685
458.65128365676685
459.6194077712559
460.33900551658667
462.2769732530488
462.2769732530488
463.246154868014
464.2154672132328
464.2154672132328
465.1849094714918
466.1544808322666
467.1241804916547
468.0940076523091
468.0940076523091
469.06396152337265
469.06396152337265
470.0340413204133
470.0340413204133
470.0340413204133
471.0042462653601
471.0042462653601
471.9745755864398
471.9745755864398
472.7049819919397
472.7049819919397
473.67604963730224
473.67604963730224
474.6472374300729
474.6472374300729
475.6185446342478
476.589970519733
476.3538600662327
477.32588448564155
478.29802424848043
479.27027865287033
479.27027865287033
480.2426470025335
480.98336769580715
481.956429565993
482.9296014948763
483.90288281844323
484.87627287793737
484.87627287793737
485.84977101980814
486.8233765956602
487.79708896220365
488.5447778863264
489.51915182145837
490.493628908674
490.493628908674
491.4682085343873
491.24535621214784
492.2204790538484
493.19570152222536
493.19570152222536
494.17102302745354
494.17102302745354
495.1464429842953
495.90321636383845
495.90321636383845
496.8792609880191
496.8792609880191
497.8554006938159
497.63942769840895
498.61608477866014
498.61608477866014
499.59283421602436
499.59283421602436
500.569675469859
500.35687264191745
501.3342198573722
502.31165624540307
502.31165624540307
503.2891812864648
504.2667944649935
505.24449526936957
505.4552403526943
506.43262138215385
507.6219065406851
508.8123426175902
509.7891721094123
510.980430153641
511.19663535668934
513.3663409301392
514.3422984744692
515.7567255984162
515.978681730166
516.9535762522588
518.1515222403578
518.376311187153
519.3505559831433
519.5767508270554
520.7782637553146
520.7782637553146
521.9808425603377
521.9808425603377
522.2116429188457
522.2116429188457
523.4166600329035
523.4166600329035
523.4166600329035
523.4166600329035
524.6227215819002
524.6227215819002
524.6227215819002
524.6227215819002
525.594901040716
525.594901040716
525.594901040716
526.8016704605254
526.8016704605254
526.8016704605254
527.7736257146619
528.745685561594
528.9810960705496
529.9528280894442
531.1609925436919
531.1609925436919
532.3701719668373
532.3701719668373
533.5803594586292
533.5803594586292
534.7915481755485
534.7915481755485
536.9739286036148
536.9739286036148
537.94423502813
537.94423502813
539.1567490071881
539.1567490071881
540.1268369559135
541.0970338118664
541.0970338118664
542.0673389902771
543.037751910491
543.037751910491
543.037751910491
544.0082719959321
544.0082719959321
544.978898674068
544.978898674068
544.978898674068
545.9496313763752
545.9496313763752
546.920469538305
546.920469538305
546.920469538305
547.8914125992485
547.8914125992485
547.8914125992485
548.8624600025037
548.8624600025037
549.8336111952415
549.8336111952415
550.8048656284728
550.8048656284728
550.8048656284728
551.7762227570158
552.7476820394636
552.9855332646597
553.9566770064243
553.9566770064243
555.1666416491538
555.1666416491538
556.1375729079991
556.1375729079991
556.1375729079991
557.3481856075249
558.5597550844493
559.7722751262338
560.985739569198
563.4154772457001
564.8805183399406
567.5711409153922
569.0483283518194
571.7560668676809
572.2805256165896
575.0060869243038
576.507588848577
578.2879905375868
581.040446096483
582.5607264483249
585.328967333755
586.5730985989726
589.3530351156257
589.6439603693062
590.8925452229026
593.3919446706367
594.6427498927402
595.5980188012717
596.8492271922617
596.8492271922617
596.8492271922617
597.8043158091116
597.8043158091116
598.1011620119125
598.1011620119125
599.0559239336508
599.0559239336508
599.0559239336508
599.0559239336508
599.0559239336508
599.0559239336508
599.0559239336508
599.0559239336508
599.0559239336508
600.3082541494828
600.3082541494828
600.6071927641227
600.9076468143836
600.9076468143836
602.7702713306289
603.0762804156701
603.6928026736778
605.2652311177308
605.5782360686355
607.1573107523288
607.7927278275054
609.0599313696478
609.3808333054134
609.7032064865659
610.6496540570542
610.97299449321
611.2977997670203
612.5691797666611
612.5691797666611
612.8964023389271
612.8964023389271
613.8411846723874
613.8411846723874
613.8411846723874
614.1693577507755
614.1693577507755
615.1138106074354
615.1138106074354
615.4429299293315
615.4429299293315
616.7171150535714
616.7171150535714
617.991909332153
618.6582255171267
618.9935379307283
620.2717146541506
621.8890576300568
622.5704779380403
623.852546680704
624.8879899630012
625.2359554600167
626.8723953086466
627.5770868984941
628.8664405102247
629.5784303802029
629.9365047367869
630.6568004866039
631.0190171460762
631.3826098333719
631.7475761726356
632.113913784533
632.4816202863132
631.9216723613774
632.2926537608989
632.6649982415654
632.1115407900729
632.1115407900729
632.1115407900729
632.1115407900729
631.5607650891559
631.5607650891559
631.0126781610652
631.3921127160205
630.8486347769963
630.8486347769963
631.2313363577572
630.6924765684145
631.0784420339519
631.4657552076756
631.4657552076756
631.3240055629122
631.715917165303
632.1091677867043
632.5037549295656
632.8996760940868
632.7787923121318
633.581091889586
633.9842269331313
635.201542819285
634.2885778571139
635.107864854467
635.9323863430766
636.3466036681582
637.1789387605337
636.6890921006893
637.1090958383816
637.5303914324398
637.9529763234905
638.3768479511142
638.8020037539018
637.8973271616679
638.3243689535909
638.3243689535909
638.7526907966807
638.2797192454104
638.2797192454104
638.2797192454104
637.3774391990981
637.8095326976542
638.2429004697193
637.3421373171556
637.7773906309317
637.7773906309317
637.3146789459662
637.7530870172249
637.295065099362
637.295065099362
636.8398542804933
637.2832965016422
637.7279984444779
637.2793735874401
637.2832965016422
637.7342706801949
637.749166992792
638.2045126759916
637.771902799112
637.3421373171556
637.3421373171556
636.9152219879817
636.4911625466609
636.5359377128678
635.651634151915
635.2361765516822
635.2952069707436
634.4139027480403
634.0070977520678
633.6031881232922
633.2021794024402
632.3242838923711
632.3242838923711
631.9272109982288
631.5330553502326
631.5330553502326
629.7825021386352
630.2674035677238
628.5196894290584
628.1345397285521
627.2623055787745
626.8811689626672
626.5029928100903
625.6332791659984
624.3909032008714
624.0208329855662
625.0199996800102
624.6567057192294
623.4332362009584
623.0770417853638
622.7238553323616
622.8852221717898
622.8852221717898
622.5399585568784
622.7142201684493
622.3768954580496
622.8964600958975
622.234682414923
622.234682414923
622.434735534578
622.434735534578
621.2648388569886
621.2648388569886
620.9476628509041
620.1007982578317
619.7878669351313
618.9426467775507
618.6339790215212
617.7904175365624
616.1046988945953
615.262545585216
615.262545585216
614.4208655311113
612.1976804921757
611.3566880308091
609.6761435385183
607.4537019394976
607.4537019394976
606.6143750357388
605.2313607208404
604.3922567339856
603.5536430177519
602.7155216186156
602.7155216186156
601.0407640085654
600.204131941792
599.3680004805061
598.5323717226997
598.2482762198316
596.5810925599302
596.3027754421406
595.4712419588371
595.1974462310806
594.3677312909913
593.2705959340982
593.2705959340982
592.1798713228945
591.3543776789007
590.5294234837075
589.7050110012632
588.8811425067031
588.0578202864069
588.0578202864069
587.2350466380561
585.8438358470626
584.199452242126
581.9862541332054
580.5945228815029
578.3813620786894
576.1683781673548
575.3477209479498
573.9555731936053
571.7429492350561
571.1716029355802
568.3880716552732
567.5667361641272
566.1748846425457
565.6049858337531
564.2136120300537
563.3915157330646
562.8223520792329
562.0
560.6085978648562
559.7865664697573
559.2173101755703
558.3950214677777
558.3950214677777
557.0035906526995
556.1816250111109
556.1816250111109
555.3602434456395
554.5394485516788
554.5394485516788
553.1473583051808
552.326895959268
551.507026247173
550.6877518158543
549.2950027080167
548.4760705810236
547.9023635648965
547.0831746635972
545.6903884071993
544.2977126536542
542.9051482533574
540.6930737488691
540.6930737488691
537.9079846962676
537.0884470922829
536.5156102109239
535.1233502660858
533.7312057581045
532.3391775926322
530.9472666847433
529.5554739590556
528.7343378295002
528.1638003498535
526.7722468012148
526.7722468012148
525.3808142671371
524.5588622833476
524.5588622833476
523.9895037116679
523.1672772641653
522.5983161090361
521.7758139277826
521.7758139277826
521.7758139277826
520.3844732503075
520.3844732503075
519.8163137109108
519.2494583531118
518.4255009159947
517.859054183665
517.2939203199667
515.9040608485263
514.7785931835161
514.2178526655798
512.8294063331392
510.88256967722043
508.9381101862976
508.3827298404225
506.99605521147794
505.0564324904693
503.6705272298549
501.7339932673488
500.348878283943
498.4154893259237
497.8684565224031
496.4846422599595
495.1009997970111
493.71753057796116
492.33423606326625
490.9511177296575
489.56817707036475
488.18541559534526
487.64331226830126
486.8028348315157
485.9629615515981
485.42043632298794
484.58023071520364
483.1976821136459
483.1976821136459
482.35775105205886
482.35775105205886
480.9750513280289
480.9750513280289
480.4331379078675
479.59253538811464
479.59253538811464
479.59253538811464
479.0511454949252
478.2102048262877
477.1299613312918
475.74888334078094
475.2115318466083
473.8311935700308
472.7620966194308
471.9163061391289
470.85135658719304
470.3211668636656
469.79250739023075
468.4154139223004
467.3638839277164
466.84044383493597
465.79823958447935
465.2794859006788
464.76230483979657
465.1042893803496
464.5912181692633
464.5912181692633
464.0797345284536
463.5698437128973
463.5698437128973
463.5698437128973
463.9234850705448
463.4177381154071
463.4177381154071
462.91359884972053
462.91359884972053
462.4110725317896
462.4110725317896
461.91016442594116
461.91016442594116
461.41087980237313
460.91322393700096
460.4172021113025
460.4172021113025
459.9228196121606
458.93899376714546
458.4495610206209
457.961788799022
457.4756824138306
456.99124718094987
456.50848842053307
456.0274114568114
455.94955861366947
455.47447787993565
455.0010988997719
455.0010988997719
454.5294269901565
454.9428535541579
454.4755218930938
454.4755218930938
454.89559241654564
454.43261326625753
454.43261326625753
453.97136473570663
454.4007042248064
454.4007042248064
454.4007042248064
454.834035665758
454.834035665758
455.27134765983243
455.71262874754746
455.71262874754746
456.1578674099571
456.607052069939
456.607052069939
457.0601710934787
456.6190972791217
457.9781654183963
457.54234776684876
458.00982522212337
458.00982522212337
458.0523987493134
458.0523987493134
458.1058829572045
457.68329661459137
458.1702740248433
458.1702740248433
458.24556735444804
458.7428473556836
459.24394389039037
458.8354824989018
459.34300909015695
459.34300909015695
459.85432475948295
460.36941688170384
461.28624518838626
460.8882727950452
461.41087980237313
462.3299687452675
462.85742945317406
463.7779641164509
463.7779641164509
465.2322000893747
465.769256177348
465.769256177348
467.2344165405626
467.2344165405626
468.1591609698565
468.70566456999427
468.70566456999427
469.2557937841578
469.809535875976
470.3668780856067
470.3668780856067
470.9278076308512
471.85802949616107
471.49231170826107
472.06037749423535
472.06037749423535
472.6319921461094
472.6319921461094
473.2071428032337
474.14132914142806
474.72097067645956
475.30411317387103
475.30411317387103
475.89074376373406
476.82806125478817
477.7656329205775
477.41910309496416
478.3576068173266
478.01359813294016
478.01359813294016
478.95302483646554
478.95302483646554
479.5518741491894
480.49245571600807
481.09562459037187
482.0373429517676
482.9792956224935
482.9792956224935
483.5876342505048
484.5307007816945
485.1432778056396
486.08744069354435
487.03182647543684
487.6494642671106
488.5949242470699
490.4864931881407
491.43259965126447
492.37891912631676
493.32545038746986
494.8989795907848
495.8467505187465
496.7947262199952
497.7429055245288
497.7429055245288
498.6912872709929
499.63987030660394
500.5886534870722
501.5376356765263
502.4868157474383
502.4868157474383
503.1232453385552
503.1232453385552
504.07340735254024
504.07340735254024
505.023761817204
505.023761817204
505.97430764812555
506.9250437688002
506.9250437688002
507.8759691105694
507.8759691105694
509.136523930468
510.39788400815297
510.39788400815297
511.3482179493735
511.6600433881856
513.5601230625291
513.8725522928813
516.0852642732594
516.0852642732594
518.6135362676142
518.6135362676142
521.1448934797309
521.1448934797309
522.7322450356396
523.6792911697005
524.9476164342495
526.2166854063067
528.4325879428709
528.7570330501525
530.9736339970187
530.9736339970187
533.1903975129335
533.1903975129335
535.4073215786276
535.4073215786276
536.6796064692602
536.6796064692602
538.5694012845513
538.8970217026626
540.7864643276494
540.7864643276494
543.0036832287605
543.0036832287605
543.9485269765881
544.8935675891211
546.1657257646254
547.1105921109552
548.0556541082301
548.0556541082301
549.3277710074378
549.3277710074378
550.600581183856
551.5451024168377
552.8182341421093
552.8182341421093
554.0920501144192
555.0360348662058
556.3101652855177
556.3101652855177
557.9175566335944
557.9175566335944
559.1940629155499
560.4712303053566
560.8074535881277
562.0862923075068
562.0862923075068
563.3657781583827
563.7055969209459
564.6459067415614
565.9266736954532
567.5508787765199
567.8952368174961
569.1792336338352
569.5261188040457
570.8117027531933
571.161098115059
572.4482509362746
572.8001396647875
575.73344526786
576.0902707041666
578.1020671127202
578.8281264762451
580.8579860861
581.5977991705264
582.343541219442
583.09518948453
583.8527211549159
584.233686122257
585.0
585.0
586.160387607351
586.160387607351
587.3338062805511
587.3338062805511
588.5201780737854
588.5201780737854
589.7194248114946
590.122021280345
590.5260366825497
590.9314681077662
591.7465673749193
592.1562293854554
592.9797635670209
592.8996542417613
593.3169473392784
592.8279683010916
593.2486831000975
592.7647088010553
593.1888400838303
592.7098784396967
592.2339064930342
592.192536258268
591.7245981028674
591.2596722253261
590.7977657371429
589.4412608564147
589.8830392543932
588.9804750583843
588.0858780824447
586.7469642017758
585.4135290544625
584.9760678865418
584.5417008221056
582.7632452377209
583.2220846298603
582.3340965459605
581.9080683406959
581.021514231616
580.1353290396992
579.2495144581478
578.8298541022224
577.9454991606043
577.0615218501404
577.0615218501404
576.1779239089259
575.2947070849862
575.2947070849862
574.4118731363411
573.0593337517504
572.1765461813338
569.9412250399158
569.9412250399158
567.7059097807596
567.23628233744
565.0008849550592
564.1178954793049
561.882550004892
561.4133949239188
560.0616037544441
559.1779680924491
559.1779680924491
557.826137788469
557.826137788469
557.826137788469
556.9425464085142
556.9425464085142
555.5906766676345
554.7071299343465
554.7071299343465
553.8239792569477
553.8239792569477
552.9412265331642
552.0588736720025
552.0588736720025
552.0588736720025
551.1769225938256
551.1769225938256
551.1769225938256
551.1769225938256
550.2953752304302
550.2953752304302
549.8236080780817
548.0009124079995
547.0658095695618
546.136429841482
545.6738952891186
544.3252704036438
543.4059256209855
542.9484321738115
541.1469301400499
540.6930737488691
539.3403378201931
538.8923825774493
537.10520384744
536.6609730546837
536.2182391526793
535.7770058522482
534.4389581607987
534.0
533.5625549080445
532.6631205555722
532.2264555619158
532.2264555619158
530.8907608915416
530.8907608915416
529.9905659537724
529.5554739590556
528.6548968845366
528.6548968845366
527.7546778570513
527.7546778570513
526.8548187119484
526.8548187119484
526.8548187119484
525.9553212964006
525.9553212964006
525.9553212964006
525.9553212964006
525.9553212964006
525.9553212964006
525.0561874694936
525.0561874694936
525.0561874694936
525.0561874694936
525.0561874694936
525.4950047336321
525.4950047336321
524.5969881728258
524.5969881728258
523.6993412254783
523.2446846361652
523.2446846361652
523.2446846361652
522.3485426417882
522.3485426417882
522.3485426417882
522.7934582605257
522.7934582605257
521.89845755664
521.89845755664
521.89845755664
521.89845755664
521.89845755664
521.89845755664
521.89845755664
