383.88539956606843
380.5955858913763
380.5955858913763
380.5955858913763
380.5955858913763
380.5955858913763
379.97105152892897
379.97105152892897
380.13155617496426
377.94311741318955
377.94311741318955
377.94311741318955
377.94311741318955
377.94311741318955
377.94311741318955
377.94311741318955
377.94311741318955
377.94311741318955
377.94311741318955
377.94311741318955
378.565714242587
378.565714242587
378.565714242587
378.565714242587
378.565714242587
378.565714242587
378.565714242587
378.565714242587
378.565714242587
378.565714242587
377.78433000853806
377.78433000853806
377.78433000853806
377.1604433129222
377.1604433129222
377.1604433129222
377.1604433129222
377.1604433129222
376.5381786751511
376.70280062670093
376.0850967533811
375.4690400019687
374.8546384933765
374.8546384933765
373.6308338453881
373.6308338453881
373.02144710458674
373.02144710458674
372.4137484035733
371.8077460193642
371.2034482598458
372.0013440835933
370.80048543657546
370.80048543657546
370.20264720825537
370.20264720825537
370.4105830021599
369.8175225702536
369.8175225702536
369.2262179206672
369.2262179206672
369.2262179206672
370.0337822415678
369.4455304913026
369.4455304913026
369.4455304913026
369.4455304913026
369.4455304913026
369.4455304913026
369.4455304913026
369.4455304913026
368.8590516715023
368.8590516715023
368.8590516715023
368.8590516715023
369.6701232179847
369.6701232179847
369.6701232179847
369.6701232179847
369.6701232179847
369.6701232179847
369.6701232179847
369.08671067921154
369.08671067921154
369.08671067921154
369.08671067921154
369.08671067921154
369.08671067921154
369.89998648283296
369.89998648283296
369.89998648283296
369.3196447523473
369.3196447523473
368.7411015875502
368.982384403375
368.982384403375
368.4087403957729
368.4087403957729
367.8369203872825
367.26693289758606
367.26693289758606
366.69878647194895
366.69878647194895
366.13248968098964
365.5680511204446
365.5680511204446
365.0054794109261
364.44478319767455
364.44478319767455
363.3290519625426
363.3290519625426
362.7740343519641
362.7740343519641
361.6697388502389
361.6697388502389
361.1204785109812
360.5731548521049
360.5731548521049
360.5731548521049
360.02777670618696
359.48435292791254
360.3248534309006
359.784657816311
359.784657816311
359.784657816311
359.2464335243984
359.2464335243984
359.2464335243984
359.2464335243984
358.71018942873644
358.71018942873644
358.71018942873644
358.71018942873644
358.71018942873644
358.71018942873644
359.5552808679077
359.5552808679077
359.5552808679077
359.5552808679077
359.5552808679077
359.5552808679077
359.02228343098704
359.02228343098704
359.02228343098704
359.02228343098704
359.02228343098704
359.02228343098704
359.86942076258714
359.86942076258714
359.339672176619
359.339672176619
359.339672176619
359.339672176619
359.339672176619
359.339672176619
359.339672176619
360.1888393606887
360.1888393606887
359.6623416483855
359.6623416483855
359.13785653979727
359.99027764649423
359.4690529099828
359.4690529099828
359.4690529099828
358.949857222426
358.949857222426
358.949857222426
359.2895768040036
358.77569594385847
358.77569594385847
358.2638692360702
358.2638692360702
358.2638692360702
358.6153928653928
358.10892197765753
358.10892197765753
357.60453017264757
357.1022262602125
357.1022262602125
357.4688797643789
357.4688797643789
357.4688797643789
356.9719876965138
356.4772082475961
356.4772082475961
356.8557131390781
356.8557131390781
356.36638449775256
356.36638449775256
356.36638449775256
355.8791929854849
355.8791929854849
356.2695608664877
356.2695608664877
355.78785814021256
355.78785814021256
355.78785814021256
355.30831681794336
355.30831681794336
355.30831681794336
355.30831681794336
354.8309456628607
354.8309456628607
354.8309456628607
354.35575344560164
354.35575344560164
353.88274894377093
353.41194094144583
352.9433382286738
353.3624201864143
353.3624201864143
352.8994190984168
352.8994190984168
352.4386471430169
351.98011307458836
351.98011307458836
351.52382565055245
351.961645637703
351.961645637703
351.961645637703
351.51102400920513
351.062672467467
351.062672467467
351.5124464368225
351.5124464368225
351.96732802917944
351.52809276073515
351.52809276073515
351.9914771695474
351.5579610818108
352.4599268001967
352.02982828163863
352.02982828163863
352.93342148342936
352.5067375242635
352.98866837336294
352.98866837336294
352.98866837336294
353.47560028946833
353.47560028946833
354.3839725495497
353.96751263357487
353.96751263357487
354.8774436337142
354.8774436337142
354.8774436337142
355.78785814021256
355.3758573679422
355.3758573679422
355.3758573679422
356.2878050116226
356.2878050116226
356.2878050116226
356.2878050116226
356.79265687511
356.79265687511
356.79265687511
356.79265687511
356.79265687511
356.79265687511
356.79265687511
357.7065836687941
357.30239293909017
357.30239293909017
357.30239293909017
357.30239293909017
357.30239293909017
357.30239293909017
358.21781083580976
358.21781083580976
358.21781083580976
358.21781083580976
357.816992329878
357.816992329878
357.816992329878
357.816992329878
357.816992329878
357.816992329878
357.816992329878
358.73388465546435
358.73388465546435
358.33643409511126
359.25478424093393
358.8606972071475
358.4689665786984
359.3897605664357
359.3897605664357
359.00139275495854
359.00139275495854
359.5385931996731
359.15595498334704
359.15595498334704
359.15595498334704
359.70126494078386
359.32436599818834
359.32436599818834
359.32436599818834
358.949857222426
359.8777570231314
359.5066063370741
359.5066063370741
359.5066063370741
359.5066063370741
359.5066063370741
360.068049124051
360.068049124051
360.068049124051
360.068049124051
360.068049124051
360.6341636617363
360.6341636617363
360.6341636617363
360.6341636617363
360.6341636617363
360.6341636617363
360.6341636617363
360.6341636617363
361.56603822815
361.56603822815
361.56603822815
361.2049279841016
361.2049279841016
361.2049279841016
362.1380952067871
362.1380952067871
362.1380952067871
362.1380952067871
362.1380952067871
361.7803200838874
361.7803200838874
362.714763967501
362.714763967501
362.36031791574527
363.29602254910526
363.29602254910526
363.29602254910526
363.8818489564985
363.8818489564985
363.8818489564985
364.4722211636986
364.4722211636986
364.12772484390695
365.0671171168392
366.00683053735486
365.6665147371304
366.60741945574426
366.27039192378083
367.21247255505904
366.87872655688284
367.8219678050782
367.4914965002592
368.10867960427123
368.10867960427123
368.10867960427123
369.0541965619684
368.73025370858846
368.73025370858846
369.3561966449189
369.3561966449189
369.0379384290997
369.6714757727461
370.3093301552096
370.3093301552096
370.95147930693037
370.95147930693037
370.6453830819966
371.5979009628553
371.29503093900945
371.29503093900945
371.94892122440683
371.6517186829626
371.6517186829626
372.6070316030013
372.3130403303113
372.3130403303113
372.9785516621566
372.9785516621566
372.9785516621566
372.9785516621566
372.6902198877776
372.6902198877776
373.6482302915404
373.3630940518894
373.3630940518894
373.3630940518894
374.32205385202724
374.0401048016108
374.0401048016108
375.0
375.0
375.0
375.0
375.96010426639685
375.96010426639685
375.96010426639685
375.96010426639685
375.96010426639685
375.96010426639685
375.96010426639685
375.96010426639685
376.9204160031664
376.9204160031664
376.9204160031664
376.9204160031664
376.9204160031664
377.60429022986483
377.60429022986483
377.60429022986483
377.60429022986483
378.565714242587
378.565714242587
378.565714242587
378.565714242587
378.565714242587
378.29221509304153
379.2545319439176
379.2545319439176
379.2545319439176
379.2545319439176
379.94736477570154
379.94736477570154
379.94736477570154
380.9107507015259
380.9107507015259
381.6084380618437
381.6084380618437
381.6084380618437
382.5728688759829
382.31008357091497
382.31008357091497
383.0156654759698
383.0156654759698
383.7251620626409
383.7251620626409
384.4385516568285
385.40627913929995
385.15581262652654
385.15581262652654
386.1243323076131
385.87692338360944
386.84622267769396
386.6018623855814
387.5719288080601
387.5719288080601
388.3014293046061
389.27239819951274
389.03470282225464
390.00641020372984
390.7441618245882
390.7441618245882
391.48563192025324
391.48563192025324
391.48563192025324
392.4589150471677
392.4589150471677
392.23079940259663
393.2047812527208
393.2047812527208
393.9543120718442
393.9543120718442
393.9543120718442
393.9543120718442
393.9543120718442
394.92910756235733
394.70748662775577
394.70748662775577
394.70748662775577
395.6829538911172
395.6829538911172
395.6829538911172
395.6829538911172
395.6829538911172
395.6829538911172
395.6829538911172
395.4642841016114
396.44041166359415
396.44041166359415
396.44041166359415
396.44041166359415
396.44041166359415
397.4166579296847
397.20146021886677
397.20146021886677
397.20146021886677
397.20146021886677
398.1783519981969
398.1783519981969
398.94360503710294
398.94360503710294
399.9212422465203
399.9212422465203
399.71239660535923
400.6906537467526
401.46357244462416
401.46357244462416
402.2399781225133
403.21954317716296
404.19920831194116
404.0
404.9802464318476
405.9605892201853
405.9605892201853
405.7647101461634
406.74562075085703
407.72662410002124
407.5340476573706
408.5156055770697
408.5156055770697
409.4972527380373
409.4972527380373
410.47898850002053
410.29014124153656
410.29014124153656
411.2724158024703
411.2724158024703
411.2724158024703
412.25477559392806
412.25477559392806
412.25477559392806
413.23722000807237
413.23722000807237
413.23722000807237
413.23722000807237
414.2197484427801
414.406804963432
414.406804963432
414.406804963432
415.38897433610344
415.38897433610344
415.5779108663019
415.5779108663019
415.5779108663019
416.55971960812536
416.55971960812536
416.55971960812536
416.55971960812536
416.75052489469044
416.75052489469044
417.73197148410844
417.73197148410844
417.73197148410844
417.9246343540902
417.9246343540902
417.9246343540902
417.9246343540902
418.9057173159612
418.9057173159612
418.9057173159612
418.9057173159612
418.9057173159612
418.9057173159612
418.9057173159612
419.88688953097835
420.0809445809224
420.0809445809224
419.88688953097835
420.86815037491255
420.86815037491255
420.86815037491255
421.8494992292867
421.8494992292867
421.8494992292867
422.6405091800832
422.6405091800832
422.6405091800832
423.43476475131325
423.43476475131325
423.43476475131325
424.2322477134429
424.2322477134429
424.2322477134429
425.03293989995643
425.03293989995643
425.03293989995643
425.8368232081392
425.8368232081392
425.8368232081392
425.6594883237069
426.64387959983674
426.64387959983674
427.62834330759694
427.4540911021908
427.4540911021908
427.4540911021908
427.4540911021908
428.43902716722715
428.43902716722715
428.43902716722715
428.43902716722715
429.424032862624
429.424032862624
429.424032862624
430.40910771032713
430.40910771032713
430.40910771032713
431.39425123661533
431.39425123661533
431.39425123661533
432.3794629720519
432.3794629720519
432.3794629720519
433.36474245143665
433.36474245143665
433.36474245143665
434.35008921375857
434.35008921375857
435.33550280214916
436.32098276383635
436.32098276383635
436.32098276383635
437.30652865009915
438.2921400162225
438.2921400162225
439.2778164214533
439.2778164214533
439.2778164214533
440.2635574289564
440.2635574289564
441.0827586746052
441.0827586746052
442.06899913927464
442.06899913927464
443.0553012886766
444.04166471177
445.0280890011326
445.0280890011326
445.0280890011326
445.85199337896876
446.83889714303075
446.83889714303075
447.82585901218346
447.82585901218346
448.8128786030989
449.64096788437774
449.64096788437774
449.64096788437774
450.62845005614105
451.6159873166582
451.6159873166582
452.4477870428808
452.4477870428808
452.4477870428808
453.4357727396461
454.4238109958588
454.4238109958588
455.411901469428
455.2592667920116
456.2477397204286
456.2477397204286
457.23626277888326
457.23626277888326
458.0753213173572
459.0642656535139
459.0642656535139
460.05325778653065
460.05325778653065
461.0422974088169
462.03138421540154
462.03138421540154
461.88526713892924
462.8747130703945
462.8747130703945
463.8642042667229
464.85374043886105
465.8433213001985
466.83294656654215
466.83294656654215
466.83294656654215
467.8226159560908
467.8226159560908
468.81232918941026
468.81232918941026
469.80208598940897
469.80208598940897
470.791886081313
471.7817291926427
471.7817291926427
471.7817291926427
472.7716150531882
472.7716150531882
473.76154339498686
473.76154339498686
473.76154339498686
474.75151395229904
474.75151395229904
474.75151395229904
475.7415264615861
475.7415264615861
475.7415264615861
475.7415264615861
476.7315806614871
476.7315806614871
476.7315806614871
476.7315806614871
476.7315806614871
477.7216762927971
477.582453614033
477.582453614033
478.57287846262244
478.57287846262244
479.5633430528234
479.5633430528234
480.5538471389028
480.5538471389028
480.5538471389028
480.5538471389028
481.5443904771397
481.5443904771397
481.40835057152884
482.3992122713303
482.3992122713303
483.39011160759173
484.38104834933415
484.38104834933415
485.3720222674562
485.2391163127721
485.2391163127721
486.2303980624823
486.2303980624823
487.2217154438008
487.2217154438008
487.2217154438008
488.2130682396775
489.20445623481396
489.20445623481396
490.1958792156458
490.1958792156458
491.1873369703254
491.1873369703254
492.1788292887048
492.1788292887048
493.1703559623186
494.16191678436735
494.16191678436735
495.15351154970114
496.14514005480294
496.14514005480294
497.13680209777266
498.1284974783113
498.2579653151568
499.24943665466463
499.24943665466463
500.2409419469782
501.23248099060777
501.23248099060777
502.22405358564816
503.2156595337629
503.2156595337629
504.2072986381693
504.2072986381693
505.1989707036229
506.190675536403
506.190675536403
507.1824129442976
508.1741827365889
508.1741827365889
508.1741827365889
509.1659847240387
509.1659847240387
510.15781871887447
510.15781871887447
511.149684534775
511.149684534775
512.1415819868564
512.1415819868564
512.1415819868564
513.1335108916587
513.1335108916587
514.1254710671316
514.1254710671316
515.1174623326218
515.2446021066111
516.2363799656123
516.2363799656123
517.228189487
517.228189487
517.228189487
518.2200304889806
518.2200304889806
518.2200304889806
519.2119027911436
520.203806214449
520.203806214449
521.3233161867978
521.3233161867978
521.3233161867978
522.3150390329575
522.3150390329575
522.3150390329575
523.3067933822376
523.3067933822376
523.4357649224975
524.4273066879717
524.4273066879717
525.4188805134432
525.4188805134432
526.4104862177425
526.4104862177425
526.5405967254567
527.5319895513446
527.5319895513446
527.5319895513446
528.5234148077075
528.5234148077075
528.5234148077075
529.6461082647545
529.6461082647545
529.6461082647545
530.6373526241815
530.6373526241815
530.6373526241815
531.6286297783445
531.6286297783445
531.6286297783445
531.6286297783445
531.6286297783445
531.6286297783445
532.7522876534647
532.7522876534647
532.7522876534647
533.7433840339381
533.7433840339381
533.7433840339381
534.7345135672467
534.7345135672467
534.7345135672467
535.7256760693854
535.859123277751
536.8500721803063
537.8410545876914
537.8410545876914
537.8410545876914
538.9666037891402
538.9666037891402
540.093510422038
540.093510422038
540.093510422038
541.084096975692
541.221766007244
541.221766007244
542.2121356074576
542.2121356074576
543.3415132308593
543.3415132308593
544.3317003445601
544.4722215136416
544.4722215136416
545.6042521828437
545.6042521828437
545.7481103952629
546.7375970243861
546.7375970243861
546.7375970243861
546.7375970243861
546.7375970243861
547.8722478826611
547.8722478826611
548.8615490267103
548.8615490267103
549.0081966601227
549.0081966601227
549.0081966601227
549.0081966601227
549.9972727205109
550.1454353168806
550.1454353168806
551.1342849070452
551.1342849070452
551.1342849070452
551.1342849070452
552.1231746630457
552.1231746630457
552.1231746630457
552.2725776281129
552.2725776281129
552.2725776281129
553.2612402834668
553.2612402834668
553.2612402834668
553.4121429820636
554.4005772002768
554.4005772002768
554.4005772002768
554.4005772002768
554.4005772002768
554.5529731233978
554.5529731233978
555.5411775917245
555.5411775917245
555.6950602623709
555.6950602623709
555.6950602623709
556.8383966645978
556.8383966645978
556.8383966645978
556.9955116515752
556.9955116515752
556.9955116515752
558.1415591048565
558.1415591048565
558.1415591048565
558.3018896618566
558.3018896618566
559.2888341456496
559.2888341456496
559.2888341456496
559.4506233797581
559.4506233797581
559.4506233797581
560.6005708166912
560.6005708166912
560.6005708166912
560.6005708166912
560.7655481571599
561.7517245189373
561.7517245189373
561.7517245189373
562.9040770859632
562.9040770859632
563.8900602067747
564.0576211700361
565.0433611679726
565.0433611679726
566.1978452802518
566.1978452802518
566.1978452802518
567.3535053209771
568.5103341189147
569.4953906749378
570.6531345747608
570.6531345747608
571.6379973374758
572.796648034885
572.796648034885
574.9408665245496
574.9408665245496
576.1015535476363
577.0857821849365
578.247351917845
579.4100447869367
580.3938318073341
581.5573918367817
581.5573918367817
582.722060677301
582.722060677301
583.8878316937253
584.8709259315256
585.0546982975181
586.0375414595894
587.205245208181
587.205245208181
588.3740306981606
589.3564286575654
589.3564286575654
590.3388857258177
590.5260366825497
591.5082417008236
592.6786650454021
592.6786650454021
593.6606774917807
593.8501494484951
594.8319090297695
594.8319090297695
596.0041946161117
596.0041946161117
596.0041946161117
596.9857619742702
596.9857619742702
598.1588417803418
598.1588417803418
598.1588417803418
599.1402173114403
599.1402173114403
599.1402173114403
599.1402173114403
600.3140844591271
600.3140844591271
600.3140844591271
600.3140844591271
601.295268566118
601.4889857678194
601.4889857678194
601.4889857678194
601.4889857678194
601.4889857678194
601.4889857678194
601.6843026039486
601.6843026039486
602.8615098013805
602.8615098013805
602.8615098013805
602.8615098013805
603.0596985373836
603.0596985373836
603.0596985373836
603.0596985373836
604.2391910493724
604.2391910493724
604.2391910493724
604.4402369134602
604.4402369134602
604.4402369134602
604.6428698000168
604.6428698000168
605.8258825768341
605.8258825768341
605.8258825768341
605.8258825768341
606.0313523242836
606.0313523242836
606.0313523242836
607.216600563588
607.216600563588
608.4028270808741
608.4028270808741
608.4028270808741
608.6123561019773
608.6123561019773
609.8007871428176
609.8007871428176
610.0131146131205
610.9901799538189
611.2037303551084
612.1805289291714
612.3952971733208
613.3718285020922
613.5878095268843
614.5640731445338
614.5640731445338
615.7572573668946
615.7572573668946
615.9756488693364
617.1709649683789
618.1464227834697
618.1464227834697
619.3423931881298
619.3423931881298
619.5643630810281
620.762434430435
620.762434430435
621.7370826965366
621.9614135941232
621.9614135941232
623.1612953321154
623.1612953321154
623.3883219952071
623.3883219952071
623.3883219952071
624.590265694239
624.590265694239
624.590265694239
624.8199740725323
624.8199740725323
625.0511979030198
625.0511979030198
625.0511979030198
625.2839355045035
625.2839355045035
625.2839355045035
625.2839355045035
625.2839355045035
626.2563372932844
626.4902233874045
626.4902233874045
626.7256177945816
626.7256177945816
626.9625188159177
627.2009247442162
627.2009247442162
628.4114893921021
628.4114893921021
628.6525272358332
628.6525272358332
629.8650649147006
630.1087207776131
631.3232135760572
631.5694736131568
631.8172204047623
632.785903762086
633.0347541802108
634.2531040523176
634.5045311106927
635.4722653271344
635.7247832199088
636.9458375717671
637.200910231616
637.4574495603608
638.6814542477338
638.6814542477338
640.1663846219981
640.1663846219981
641.3930152410455
641.6556709014578
642.6204167313703
642.8841264178172
642.8841264178172
643.8485846843184
644.113344062984
644.113344062984
644.6471903297182
645.6105637301794
645.6105637301794
645.8792456798717
646.1493635375648
646.1493635375648
646.1493635375648
646.4209155032037
647.3831940975916
647.6557727682198
647.6557727682198
647.6557727682198
647.6557727682198
647.6557727682198
647.9297801459661
647.9297801459661
648.205214419014
649.1663885322467
649.4428381312708
649.7207092282036
649.7207092282036
649.7207092282036
650.0
650.28070861744
650.28070861744
650.5628332451831
650.8463720418206
651.8051856191388
652.0897177536232
652.0897177536232
652.3756586507501
652.6630064589228
652.9517593207021
653.2419153728579
653.5334727464233
654.4898776910152
654.782406605431
654.782406605431
655.0763314301624
655.3716502870718
655.3716502870718
655.9664625573475
655.9664625573475
656.2659521870687
656.2659521870687
656.5668282817827
657.8221644183176
658.1253679960985
658.1253679960985
658.4299507160955
658.4299507160955
658.4299507160955
658.7359106652681
658.7359106652681
659.0432459254855
659.0432459254855
659.3519545735797
660.6125944909013
660.6125944909013
660.6125944909013
661.8738550509455
661.8738550509455
662.1857745376293
662.4990566031018
662.4990566031018
663.7627588227589
664.0783086353597
665.3435202960949
665.3435202960949
665.6613252998856
666.9280320994162
666.9280320994162
666.9280320994162
667.2480798024076
668.516267565719
668.516267565719
668.8385455399532
668.8385455399532
668.8385455399532
670.1082002184423
670.1082002184423
670.4326961000635
670.4326961000635
670.4326961000635
670.7585258496533
670.7585258496533
671.085687524328
672.0305052599919
672.0305052599919
672.3585353068703
672.3585353068703
672.3585353068703
672.6878919677387
672.6878919677387
673.0185732949723
673.3505773369471
673.6839021380873
673.6839021380873
674.0185457389136
674.3545061760914
674.6917814824781
675.030369687172
675.3702688155587
675.7114768893599
675.7114768893599
676.3978119420553
676.7429349464979
676.7429349464979
677.4370819493129
677.786101952526
678.136416954583
678.4880249495933
678.4880249495933
678.8409239284267
679.195111878759
679.195111878759
679.5505867851193
680.841391221186
680.841391221186
681.1989430408711
681.5577745136504
681.9178836194282
681.9178836194282
682.2792683351884
682.6419266350405
683.0058564902647
683.0058564902647
683.3710558693571
683.3710558693571
683.7375227380753
683.7375227380753
684.1052550594828
684.4742507939944
684.4742507939944
684.4742507939944
684.8445078994209
684.8445078994209
685.2160243310134
685.5887980415083
685.5887980415083
685.0357654896568
685.0357654896568
685.4115551987725
685.4115551987725
685.7885971638782
685.7885971638782
686.1668893206667
686.1668893206667
686.1668893206667
686.5464296025433
685.6216157619303
685.6216157619303
685.6216157619303
686.0029154456998
686.3854602189647
686.7692480011026
687.1542767093864
686.6185258205608
686.6185258205608
687.0065501871143
687.0065501871143
687.3958102869118
687.3958102869118
687.7863040218233
687.7863040218233
688.1780292918396
688.1780292918396
688.9651660280075
688.9651660280075
688.4424449436568
688.8396039717809
688.8396039717809
689.2379850240409
688.7212788929932
689.1226305963257
689.5251989593999
689.0145136352354
689.4200461257274
689.4200461257274
688.9136375482778
689.3221307922734
688.8200055166807
688.8200055166807
688.7336204948906
688.7336204948906
688.2383308128079
688.6544852101089
688.163498014825
688.163498014825
687.6750686188935
687.1892024762903
686.7059050277637
687.1302642148721
686.2251817005844
685.7470379082946
686.174904816549
685.2714790504564
684.7985105123988
685.2298884316124
684.3281376649655
684.2952579113785
684.7313341742147
683.8318506767581
683.8106463049548
683.8106463049548
683.8106463049548
683.7967534289703
682.9004319811198
683.3447153523615
683.7901724944576
682.8953067637821
683.3425202634473
682.8975032902083
683.3476421266118
682.9070214897487
682.9070214897487
683.3600807773307
683.8143022780381
683.8143022780381
683.3798358160709
683.3798358160709
682.9480214481919
683.4069066083543
683.4069066083543
682.9795018885999
682.9795018885999
682.9795018885999
683.0183013653441
683.0183013653441
682.5979783152013
682.5979783152013
682.5979783152013
682.1803280658274
681.7653555293052
681.7653555293052
681.3530655981523
681.3530655981523
680.943463145069
681.4169061595111
680.5365530226867
681.0117473289282
680.6092858608381
680.2095265431086
679.3320248597147
679.8124741426859
679.4181334053427
679.0265090554271
678.6376057956116
679.1244363148775
678.2514283066421
678.3583123983962
677.9793507179994
677.9793507179994
678.0980755023568
677.2296508570781
677.7263459538813
677.3573650592425
677.3573650592425
676.9911373127421
676.627667184841
676.2669591219136
675.9090175460008
676.4155527484565
676.4155527484565
676.06212732263
676.06212732263
675.2014514202409
675.7114768893599
674.8518355905984
675.363605770995
674.5050036878896
674.5050036878896
675.0185182644992
674.1609600088098
673.3037947316204
673.8197088242522
672.9635948548777
672.9635948548777
672.1078782457471
672.1078782457471
671.7715385456577
670.917282531908
670.917282531908
670.0634298333256
669.2099819936938
669.2099819936938
668.3569405639474
667.5043071022089
667.5043071022089
666.6520831738246
666.6520831738246
666.3249957790867
665.4742669705569
664.6239538265229
663.7740579444184
663.7740579444184
664.3018892039973
663.4530880175327
663.4530880175327
662.6047087064806
662.6047087064806
662.2877018335763
661.9735644268584
661.9735644268584
661.6623005733363
661.6623005733363
661.3539143302926
661.8912297349165
661.0484097250367
660.7457907546593
660.7457907546593
660.446061385788
660.446061385788
660.446061385788
660.9886534578336
660.1492255543438
660.6935749649757
659.8552871652996
659.8552871652996
659.0174504518071
659.5642500924379
658.7275612876692
658.7275612876692
658.7275612876692
657.8913284122234
657.0555532068806
657.0555532068806
656.7708885144042
656.7708885144042
655.1030453295115
655.1030453295115
654.2698220153517
653.4370665947869
652.604780858982
651.7729666072381
651.4982732133677
651.4982732133677
650.6681181677799
649.8384414606448
649.0092449264494
649.0092449264494
647.3522997564772
647.0865475344083
647.0865475344083
646.260009593662
645.4339625399333
645.4339625399333
644.608408260395
644.608408260395
643.7833486507709
643.7833486507709
643.5254462723288
642.7021082896804
642.7021082896804
642.7021082896804
641.8792721376817
641.8792721376817
641.0569397487246
641.0569397487246
640.2351130639431
640.2351130639431
640.2351130639431
639.4137940332536
639.4137940332536
639.1650803978578
639.1650803978578
639.1650803978578
638.3455177253146
638.3455177253146
637.5264700386957
636.7079393254022
635.8899275818103
635.8899275818103
635.0724368133134
634.2554690343632
634.2554690343632
634.0173499203314
634.0173499203314
633.2021794024402
632.3875394091822
632.9684036348102
631.342220986368
630.529935847617
630.3031016899727
629.4926528562506
629.4926528562506
628.4616137840083
628.4616137840083
628.2435833337257
627.4368494119548
627.4368494119548
626.418390534633
625.6140983066158
625.6140983066158
625.4062679570776
625.4062679570776
625.2015674964355
624.400512491782
623.6000320718401
622.8001284521383
623.4011549556193
622.6026019862107
621.8046316971272
621.8046316971272
621.0072463345335
621.0072463345335
620.2104481544953
620.2104481544953
619.4142394230213
619.2253224796285
619.2253224796285
618.431079425994
617.6374340986789
616.8443888048265
616.8443888048265
616.8443888048265
615.4421175057813
614.6494936140434
614.6494936140434
614.6494936140434
613.8574753149138
613.8574753149138
613.0660649554826
613.0660649554826
611.6633060761451
611.6633060761451
610.872327086438
610.872327086438
610.0819617067857
609.2922123250879
608.5030813397743
608.5030813397743
607.7145711598497
607.7145711598497
606.9266842049376
606.9266842049376
606.1394229053246
605.3527897020051
604.5667870467249
604.5667870467249
603.7814174020264
602.9966832412928
602.9966832412928
602.2125870487929
602.2125870487929
601.4291313197258
600.6463185602655
599.8641512876061
600.4881347703716
599.7074286683466
599.7074286683466
598.9273745622252
598.1479750028416
597.3692325521963
597.3692325521963
596.5911497835012
596.5911497835012
595.8137292812243
595.8137292812243
595.0369736411343
594.2608854703462
593.4854673873658
592.7107220221345
591.9366520160751
591.9366520160751
591.1632600221363
590.3905487048382
590.3905487048382
589.6185207403173
588.8471788163716
588.8471788163716
587.3065638999789
587.3065638999789
586.5372963418439
585.768725692999
585.768725692999
584.233686122257
584.233686122257
582.7014673055148
582.7014673055148
581.936422644261
580.4084768505711
580.4084768505711
579.6455813684772
578.2361109443096
578.2361109443096
577.4738089298943
576.7122332671642
575.9513868374656
575.1912725346239
575.1912725346239
574.4318932649893
574.4318932649893
573.021814593476
572.2630514020628
572.2630514020628
571.5050305990316
571.5050305990316
570.747755142322
569.3373340999166
569.3373340999166
568.5806890846716
568.5806890846716
567.824796922431
567.1701684679828
566.4141594275341
566.4141594275341
566.4141594275341
565.6589078234338
564.2481723497206
564.2481723497206
563.5929382098395
562.8374543329539
562.8374543329539
562.0827341237231
561.426753904728
560.6719183265736
560.6719183265736
559.2611196927603
558.5069381842986
558.5069381842986
557.0960419891709
557.0960419891709
556.3425203954844
555.6851626595765
554.931527307649
554.1786715491675
553.5205506573355
552.7675822622018
552.0153983359522
552.0153983359522
550.6042135690573
549.8527075499402
548.4414280486112
548.4414280486112
547.030163702149
546.2792326274174
544.8678738923777
544.8678738923777
543.4565300003304
543.4565300003304
542.7964627740309
542.0452010672172
540.6338872101896
539.9740734516797
539.9740734516797
538.5629025471397
537.9042665753824
537.1517476467893
536.4932432006949
535.8357957434348
535.082236670215
534.4249245684562
534.4249245684562
533.768676488233
533.0140711088217
532.3579622772633
530.9472666847433
530.292372187268
529.6385559983337
529.6385559983337
528.2281703960894
527.5755870015215
527.5755870015215
526.8178053179296
526.1653732430518
525.5140340656945
525.5140340656945
524.1039973135103
523.4539139217511
522.044059443262
521.3952435532951
519.9855767230472
519.3380402011776
518.691623221351
517.9285665031424
516.6372034609974
515.228104823485
515.228104823485
513.1754086080119
513.1754086080119
511.7665483401587
511.1242510388252
509.0746507144114
509.0746507144114
507.66622893393253
507.0266265197519
507.0266265197519
504.9801976315507
504.9801976315507
503.572239107757
502.1643157373889
502.1643157373889
500.75642781695774
500.11998560345495
499.3485756463114
498.71234193671205
497.94075952868127
497.3047355495421
497.3047355495421
495.89716675939985
494.48963588734597
494.48963588734597
493.08214325809854
493.08214325809854
492.309861774066
491.6746892000848
491.6746892000848
490.2672740454945
490.2672740454945
488.8598981303335
488.8598981303335
488.0870823941154
487.45256179447864
486.6795660390931
486.04526538173377
486.04526538173377
485.2720886265766
484.6380092398862
483.86465049639656
483.23079372076444
482.4572519923397
482.4572519923397
481.0498934622063
481.0498934622063
480.41648597857255
480.41648597857255
479.0093944798995
478.37746602447737
476.9706489921576
476.9706489921576
475.5638758358334
475.5638758358334
474.9336795806337
474.157146946031
473.5271903491921
473.5271903491921
472.1207472670524
472.1207472670524
471.49231170826107
471.49231170826107
470.0861623149526
470.0861623149526
468.6800614491724
468.05341575508237
468.05341575508237
467.2740095490011
466.64761865887624
466.02253164412554
465.2418725781247
464.6170466093555
464.6170466093555
463.2116147075762
462.5883699359507
461.96644899819296
461.18326075433396
460.5616136848576
460.5616136848576
459.156835950419
458.5368033211729
457.7521163249822
457.13236595104485
457.13236595104485
455.72798904609755
455.72798904609755
455.1098768429444
454.3236731670495
454.3236731670495
453.70585184676645
453.70585184676645
453.70585184676645
453.70585184676645
453.0893951528771
452.30189033432083
452.30189033432083
451.68573145495753
450.8979928986156
450.2821337783679
450.2821337783679
449.4941601400401
448.8786027424341
448.8786027424341
448.8786027424341
448.26443088873333
447.4751389742228
447.4751389742228
447.4751389742228
446.8612760130374
446.24880952222156
445.4581910797017
444.846040782651
444.846040782651
444.2352980122133
443.625968581642
443.0180583226828
441.61634933503086
441.61634933503086
441.0102039635818
440.40549497026035
439.00455578501686
438.4016423326902
437.80018273180286
437.00114416326187
436.4000458295118
435.80041303330586
434.4007366476259
433.8029506584758
433.8029506584758
432.40374651475906
431.8078276270591
431.8078276270591
431.2134042443486
431.2134042443486
430.62048255975935
429.2225529955293
429.2225529955293
428.6315434029558
428.6315434029558
428.6315434029558
427.2341278502924
427.2341278502924
426.64505153581706
426.64505153581706
426.64505153581706
426.64505153581706
426.0575078554537
426.0575078554537
425.4715031585547
425.4715031585547
424.88704381282326
424.30413620420904
424.30413620420904
423.72278673680034
423.72278673680034
423.14300183271376
423.14300183271376
423.14300183271376
423.38162454220895
423.38162454220895
422.8061021319347
422.8061021319347
422.8061021319347
421.65981549111365
421.65981549111365
421.65981549111365
421.08906421326117
421.08906421326117
420.5199162941037
420.5199162941037
420.5199162941037
419.9523782525823
419.9523782525823
419.9523782525823
419.9523782525823
419.38645662443605
418.8221579620639
418.8221579620639
418.2594888343838
417.6984558266885
417.6984558266885
417.6984558266885
417.1390655404981
416.58132459341
416.0252396189443
416.0252396189443
416.0252396189443
416.3039754794566
416.3039754794566
415.7523301197481
415.20236030157633
414.65407269192474
414.1074739726391
414.1074739726391
413.5625708402539
413.3194890154588
412.78081350760476
412.2438598693739
411.708634837794
411.17514516322603
410.64339760916647
410.11339895204594
409.5851559810243
409.38612580301253
409.38612580301253
408.3442175420144
407.82594326501595
407.3094646580165
406.79478856052225
406.2819218227658
406.63128261362283
406.63128261362283
406.1231340369568
405.6168142471414
405.6168142471414
405.97660031090464
405.97660031090464
405.47503005733904
405.47503005733904
404.97530788925883
404.97530788925883
404.47744065645986
405.34553161469535
404.8505897241598
404.8505897241598
404.357515077932
404.357515077932
405.2283306976451
404.7381869801761
404.7381869801761
404.7381869801761
404.7381869801761
404.2499226963439
404.2499226963439
405.123437979093
404.63810992045717
404.63810992045717
404.1546733615733
405.0308630215727
404.5503676923307
404.5503676923307
404.07177580227005
404.07177580227005
404.07177580227005
404.07177580227005
403.59509412281017
403.59509412281017
404.0012376218667
403.52942891442257
403.52942891442257
403.9430652950982
403.9430652950982
403.47614551544433
403.47614551544433
403.0111660984097
403.0111660984097
403.0111660984097
402.54813376787627
402.54813376787627
402.0870552504768
402.975185340239
402.975185340239
402.5170803829323
402.5170803829323
402.06094065452316
402.9516099980245
402.4984472019737
402.4984472019737
402.4984472019737
402.94044224922374
402.94044224922374
402.49223594996215
403.38691104199205
402.9416831254865
402.9416831254865
403.83783874223576
403.39558748206457
404.293210430252
403.8539339909914
403.8539339909914
404.31670754496406
404.31670754496406
405.2172256950585
404.7838929601819
405.6858390429718
405.6858390429718
405.25547497843877
406.15883592506026
405.73143826920784
405.73143826920784
406.63620104461927
406.2117674317178
406.2117674317178
405.7893542221136
406.69644699702013
406.2769991028289
406.2769991028289
406.2769991028289
406.2769991028289
406.76897620147975
406.76897620147975
406.76897620147975
406.3545250147954
405.9421141000278
406.8537820888482
406.4443381325418
406.0369441319349
406.0369441319349
405.6316062636145
406.5464303127012
406.5464303127012
406.5464303127012
406.14406311061595
406.6607923072988
406.6607923072988
406.2634613154375
406.2634613154375
406.7874137679287
406.7874137679287
406.7874137679287
407.31560245097415
407.31560245097415
408.2364510917662
407.84801090602366
407.84801090602366
408.7701065391157
408.7701065391157
408.38462262920723
408.38462262920723
409.3079525247463
408.9254210733297
409.84997255093236
409.84997255093236
409.84997255093236
410.396150079408
410.396150079408
411.3222580896881
410.94646853331153
411.8737670694748
411.50091129911243
412.4293878956736
412.98910397248983
412.98910397248983
413.55289867198366
413.55289867198366
414.12075533592855
414.12075533592855
414.69265727765185
414.69265727765185
415.26858778385827
414.9132439438394
415.84853011643554
415.84853011643554
416.43246751424175
417.02038319487457
417.02038319487457
417.612260356422
417.612260356422
418.2080821791946
418.2080821791946
418.2080821791946
419.1479452412954
419.1479452412954
419.1479452412954
419.7487343637858
419.7487343637858
419.7487343637858
420.6899095533431
421.6313555702422
421.6313555702422
421.6313555702422
422.57307060436307
422.57307060436307
422.57307060436307
423.51505286117043
424.45730056155236
424.45730056155236
425.39981194166035
425.39981194166035
426.34258525275186
426.34258525275186
426.34258525275186
427.28561876103436
427.28561876103436
427.28561876103436
427.28561876103436
428.2289107475113
428.84262847809333
428.84262847809333
429.78715662523
429.78715662523
429.78715662523
429.78715662523
430.4056226398535
430.4056226398535
431.3513648987331
431.3513648987331
431.97453628657325
431.97453628657325
432.9214709390145
432.601433192263
432.601433192263
433.54930515455794
433.23203944306795
433.23203944306795
433.23203944306795
433.8663388648628
433.8663388648628
433.8663388648628
434.50431528351936
434.50431528351936
434.50431528351936
434.50431528351936
435.14595252627595
435.14595252627595
435.14595252627595
436.0974661701212
436.0974661701212
436.0974661701212
435.79123442308935
436.74363189404374
436.74363189404374
436.74363189404374
437.69624170193646
438.34689459376807
438.34689459376807
438.04680115257094
439.00113895068654
439.00113895068654
438.7037724934674
439.65895873961216
439.36431352580286
439.36431352580286
440.028408173836
440.028408173836
439.7385586914115
440.69604037249985
440.69604037249985
440.40890090914377
441.3671940686122
441.3671940686122
441.0827586746052
442.04185322206763
442.04185322206763
443.00112866673373
442.7200018070112
442.7200018070112
442.7200018070112
443.6800649116433
443.6800649116433
444.6403040661069
445.6007181322759
446.56130598160877
447.52206649505007
447.24601731038365
448.20754121277344
449.16923314047233
449.16923314047233
449.16923314047233
451.0931167730228
451.0931167730228
452.0553063508933
452.0553063508933
453.01765969992823
453.01765969992823
453.98017577863465
454.9428535541579
454.9428535541579
456.1765009291908
457.1389285545479
458.10151713348426
458.10151713348426
459.0642656535139
460.02717311045876
460.02717311045876
461.26023023885335
461.26023023885335
462.22288995678264
462.22288995678264
463.18570789695144
463.18570789695144
464.14868307472335
464.14868307472335
465.1118145134565
465.3815638806505
465.3815638806505
466.3442934142113
466.3442934142113
467.5778010128368
468.5402864215627
468.5402864215627
469.7744139478011
469.7744139478011
470.73665674132496
471.6990566028302
471.9713974384465
472.9333991166198
473.8955581138106
473.8955581138106
474.16874633404507
475.1305083869063
475.1305083869063
476.09242800111826
476.09242800111826
476.09242800111826
477.05450422357404
477.05450422357404
477.05450422357404
478.0167361086848
478.0167361086848
478.0167361086848
478.979122718308
478.70867967898806
478.70867967898806
479.67176277116835
479.67176277116835
479.67176277116835
480.63499664506327
480.63499664506327
480.3675675979801
480.3675675979801
480.3675675979801
481.33148660772235
481.33148660772235
481.33148660772235
481.33148660772235
482.2955525401411
482.2955525401411
482.2955525401411
483.2597645159382
482.99585919550077
482.99585919550077
483.96074220953085
483.96074220953085
483.96074220953085
484.9257675149878
484.9257675149878
485.8909342640589
485.8909342640589
485.8909342640589
486.8562416155307
486.8562416155307
488.082984747471
488.082984747471
488.082984747471
489.0480548984936
489.0480548984936
489.3107397145499
489.3107397145499
490.2754327926293
490.2754327926293
491.5038148376877
491.5038148376877
491.5038148376877
492.73319352363507
492.73319352363507
492.73319352363507
493.69727566596924
493.69727566596924
493.69727566596924
494.9272673838046
494.9272673838046
494.9272673838046
495.8911170811593
495.8911170811593
496.85510966477943
496.85510966477943
497.1217154782116
498.08533405431643
498.08533405431643
498.08533405431643
499.31653287268585
499.31653287268585
500.2799216438733
500.2799216438733
500.2799216438733
501.2434538225911
501.2434538225911
502.47487499376524
502.47487499376524
503.43817892567506
503.43817892567506
503.43817892567506
504.4016256912739
504.4016256912739
505.3652144736517
505.3652144736517
506.32894446199697
506.32894446199697
507.5598486878173
507.5598486878173
508.52335246279495
508.52335246279495
509.486996890009
509.486996890009
510.45078117287665
510.45078117287665
511.414704520705
511.414704520705
512.6451014103227
512.6451014103227
512.6451014103227
513.6088005476541
513.6088005476541
513.6088005476541
513.6088005476541
514.8397809027581
514.8397809027581
514.8397809027581
515.8032570661027
515.8032570661027
515.8032570661027
516.7668720032274
516.7668720032274
517.0348150753487
517.0348150753487
517.9980694944721
517.9980694944721
519.2301994298867
519.2301994298867
520.1932333277703
520.1932333277703
521.1564064654679
521.1564064654679
522.1197180723976
522.1197180723976
523.0831673835434
523.0831673835434
524.3147909414724
524.0467536394058
525.2780216228355
526.2413894782508
526.2413894782508
527.2048937557389
528.1685337087017
529.1323085958747
530.0962176812809
531.3266415304242
531.3266415304242
533.2541607901433
533.2541607901433
534.4847986612903
535.4484102133463
537.3760322158032
537.6430042323624
538.606535422659
539.570199325352
540.8012573949879
541.7647090758127
542.7282929790928
543.959557320211
544.9229303305193
544.9229303305193
545.8864350760147
546.8500708603776
547.8138369920935
549.0446247801722
549.0446247801722
550.0081817573263
550.9718686103674
551.9356846590008
551.9356846590008
554.1299486582548
556.0575509783138
557.0215435690078
558.2517353309347
559.2155219591101
560.1794355382925
561.4098324753495
561.4098324753495
563.6044712384742
564.567976420909
565.7994344288443
566.7627369543626
567.9947182853024
568.9578191746731
570.190319104069
570.190319104069
572.3862332376627
572.3862332376627
573.3489338962793
573.6200833304217
574.5824570938448
575.5449591474154
576.7789871345869
577.741291583006
577.741291583006
578.9758198750618
579.937927712958
579.937927712958
580.9001635393125
583.0969044678594
583.0969044678594
585.0213671311502
585.293943245614
586.2559168144916
586.2559168144916
587.4912765309797
588.727441181401
589.9644057059713
591.2021650839922
592.1629843210397
593.4012133455744
593.6800485109803
594.9201627109305
596.161052065631
597.4027117447661
598.645136955108
598.9298790342656
600.1741413956453
600.4614891897731
601.9975083004912
603.2453895389503
603.8319302587435
605.0826389841309
605.3792199935508
606.6316839730678
606.9308033046271
607.2314221118667
608.185004747733
608.486647347335
608.789783094296
609.0944097592753
610.3523572494826
610.3523572494826
610.6594795792496
611.9191123016178
612.2287154323946
613.1794190936288
613.4900162186831
614.7519825100201
615.0650372115131
616.0146102163487
616.644143732834
617.9093784690438
618.5466837676846
619.8144883753525
620.136275345992
621.4056646024399
621.7298448683318
622.055463765089
622.7110084140154
623.9847754552991
624.3156253050215
625.9241168065023
625.9241168065023
626.5947653787094
626.5947653787094
627.2710737791118
627.6113447030734
627.9530237207239
627.9530237207239
628.2961085348213
628.6405968436974
628.9864863413204
628.9864863413204
629.3337747173593
629.6824596572466
629.6824596572466
629.6824596572466
629.0961770667502
629.0961770667502
629.0961770667502
629.4481710196638
629.4481710196638
629.8015560476173
629.8015560476173
630.1563298103099
629.2217415188385
629.5784303802029
629.9365047367869
629.0031796422018
629.363170196668
629.7245429550924
629.7245429550924
630.0872955392769
629.5204524080215
629.8864977120878
630.2539170842177
630.2539170842177
630.0642824347369
630.4363568196238
630.80979700699
630.2578837269709
630.2578837269709
630.6346010171025
630.0872955392769
630.4672870181291
629.9245986624113
629.9245986624113
630.6924765684145
629.7697992123789
630.1563298103099
630.1563298103099
630.1563298103099
629.6229030141772
630.012698284725
630.403838820799
630.403838820799
629.8769721143963
629.8769721143963
630.2713701255991
630.6671071175347
630.1468082915283
630.1468082915283
630.5457953233849
630.030158008329
630.4323912998126
630.835953319086
631.2408415177206
631.1418224139484
631.5512647442011
631.9620241755038
631.8773615188314
632.2926537608989
631.8006014558707
631.7317468672918
632.1534623807735
632.0957205993409
632.5219363784943
632.4752959602454
632.4752959602454
633.3379824390765
632.8704448779387
632.4057241992675
632.8427924848319
632.3827954648988
631.9256285355106
631.0285255041962
631.4712978433778
630.5751343020116
631.0198095147251
630.5711696549407
629.6769012755669
630.1253843482264
629.2320716556014
628.7901080646864
628.3510165504629
628.8052162633513
627.4814738301044
627.4814738301044
627.5109560796528
626.6234914204861
626.1988502065458
625.7771168714944
625.3582972984367
624.9423973455473
625.000799999488
625.4734206982739
625.0671963877164
624.663909634613
624.7431472213201
624.347659561562
623.9551265916484
623.5655538914895
623.1789470128143
623.1789470128143
623.2856487999703
623.2856487999703
622.0369763928829
622.0369763928829
621.6622877415036
622.1583399746402
621.7885492673535
620.9218952493139
620.556202128381
619.6910520573941
618.8263084258781
619.3294761272065
618.4658438426491
617.6026230514245
616.7398154813746
616.3846201845079
615.5233545528553
613.8020853662848
613.4533397088975
612.5944825086168
612.5944825086168
612.2499489587566
611.908489890441
610.7151545524313
610.3810285387317
610.9026108963686
610.5735008989499
610.2474907773075
610.4531104024288
610.1352309119676
610.1352309119676
609.8204653830503
610.0442606893372
609.7376485013862
609.7376485013862
609.4341637945809
609.1338112434738
608.8365954835501
608.8365954835501
609.3808333054134
608.5425211108917
607.7046980236371
608.2515926818442
607.4150146316767
607.4150146316767
606.5789313848611
606.5789313848611
605.743344990269
604.9082575068719
603.2395875603656
602.4060092661759
601.5729382211271
600.740376535488
598.5215117270222
597.6897188341121
596.0276839208058
595.1974462310806
594.3677312909913
593.5385412928127
591.8817449457282
591.0541430359827
590.2270749465836
589.4005429247584
588.5745492288976
588.5745492288976
587.7490961286117
586.9241859047896
586.9241859047896
586.099820849657
586.099820849657
585.2760032668348
584.7093294962891
583.8852627015003
583.8852627015003
583.0617463013673
583.0617463013673
581.6708691347711
580.847656447024
580.2801047769948
579.4566420363132
578.6337356221118
577.2425833217782
575.8515433686013
575.8515433686013
573.6375162068813
573.6375162068813
572.2464504040196
571.4236606931848
570.6014370819618
569.7797820210893
568.3880716552732
566.9964726521674
566.1748846425457
565.3538714822779
564.5334356794112
563.1411901113255
562.3210826565193
561.749054293819
560.9286942205756
560.1089179793515
558.7163860135122
557.8969438883852
556.5042677284695
556.5042677284695
555.6851626595765
554.2923416393194
554.2923416393194
552.8996292275841
552.8996292275841
552.0806100561765
550.6877518158543
549.2950027080167
548.4760705810236
547.9023635648965
547.0831746635972
545.6903884071993
544.8715444946635
543.4786104346701
541.2670320645808
539.874059387928
539.0556557536522
538.2378656319156
537.6625335654327
536.0270515561691
534.6335193382472
533.8164478545036
533.0
531.6060571513459
530.7899772979893
529.1597112403778
529.1597112403778
526.9506618270823
526.1368643233432
525.3237097257271
524.5112010243441
523.6993412254783
522.888133351676
521.4920900646529
521.4920900646529
519.8711378793787
518.4746859780138
517.6649495571436
517.0783306231272
515.6820725989998
514.8718287107968
513.4754132380634
512.8898517225701
511.4938904815971
510.09802979427394
509.5144747698538
508.11908053132584
506.723790639437
505.3286059585386
504.74746160827794
503.35275900704073
501.9581655875318
501.3790980884624
499.98499977499324
498.59101476059516
498.01405602653426
496.62057951720044
496.0453608290274
494.65240320855617
493.2595665570005
493.2595665570005
491.86685190201626
491.29420920666263
489.9020310225301
488.5099794272375
487.93954543570254
486.5480449040978
485.9794234327211
485.41219597368996
484.02169372870054
483.4563061952962
482.8923275431077
482.3297627142658
480.9407447908734
479.82079988262285
479.26297582851106
479.26297582851106
478.15164958410423
477.59815745038213
477.0461193637361
475.94642555649057
475.39877997319263
474.8526087113769
473.76470953417373
473.76470953417373
472.682768884164
472.1440458165283
471.07111989592397
470.53692735002215
470.00425529988553
469.4731089210542
468.94349339765876
468.4154139223004
466.51259361350577
465.98819727542457
465.4653585391721
464.42437489864807
463.05075315779374
462.01731569282117
461.50297940533386
460.9902385083658
460.47909833129233
459.96956421050294
459.46164148925425
458.45065165184354
457.94759525517765
457.44617169673637
456.9463863518345
456.9463863518345
456.4482446017292
456.4482446017292
455.9517518334588
456.32663739913323
455.83439975499874
455.34382613581136
455.72798904609755
456.1162132614889
456.1162132614889
455.6325273726625
456.0274114568114
455.548021617919
455.94955861366947
456.3551248753541
455.8826603414523
455.411901469428
456.29486080822784
455.3602969078442
455.78174601447125
455.31966792573326
454.85931891080344
455.2900174613979
454.834035665758
454.3797970860941
454.8197445142416
454.8197445142416
454.3698933688279
453.9217994324573
453.4754679141971
453.9273069556402
453.48539116491946
453.0452516029718
452.60689345170164
453.07063466969475
452.6367196770496
453.10705136865835
453.10705136865835
452.67758946075514
453.15449903978663
453.15449903978663
453.6353160855094
453.6353160855094
454.1200281863816
454.6086228834645
454.1915895302334
455.10108767173915
455.5974100014178
455.18567640030153
456.0975772792484
456.0975772792484
456.6015768698133
456.6015768698133
457.5150270756142
458.02401683754533
458.02401683754533
458.5368033211729
458.5368033211729
459.4529355657661
459.9706512376632
459.9706512376632
459.9706512376632
460.4921280543241
460.4921280543241
460.4921280543241
461.41087980237313
461.01735325256465
461.93722517242537
461.93722517242537
461.5463140357639
461.5463140357639
461.5463140357639
462.46729614103526
462.46729614103526
462.07899757508994
463.0010799123475
462.61539101071855
463.538563660026
463.1554814530429
464.0797345284536
464.0797345284536
464.0797345284536
465.0043010553773
465.0043010553773
465.5502121146547
465.5502121146547
466.47615158762403
466.47615158762403
467.4023962283463
467.0267658282553
467.95405757403154
467.95405757403154
468.8816481800072
468.8816481800072
469.809535875976
469.809535875976
470.3668780856067
470.3668780856067
471.2960852797315
471.2960852797315
471.85802949616107
471.85802949616107
472.7885362400404
472.42353878696605
473.35504645033626
472.99260036495286
473.92509956743163
473.92509956743163
474.4986828221971
474.4986828221971
475.0757834282863
476.0105040857817
476.0105040857817
476.94548954780987
476.59206875482096
477.52800964969583
477.52800964969583
478.46420973778174
478.46420973778174
478.1140031415102
479.0511454949252
479.0511454949252
479.0511454949252
479.0511454949252
479.98854152989946
480.9261897630446
480.9261897630446
481.8640887221209
481.8640887221209
482.8022369459363
482.8022369459363
483.74063298424704
483.74063298424704
483.74063298424704
484.67927539765924
485.61816275753114
486.5572936458768
486.5572936458768
487.8401377500625
488.77909120583297
489.71828636472213
489.71828636472213
490.657721838758
491.5973962502243
492.5373082315694
493.47745642531635
493.81879267601795
494.75852696037487
495.69849707256526
496.63870167356066
497.5791394341206
497.91967223639597
498.8596997152606
499.799959983992
499.799959983992
500.7404517312337
501.08083180261445
501.08083180261445
502.02091589892945
502.02091589892945
502.02091589892945
502.9612311103113
503.3020961609439
503.3020961609439
504.24200539026896
504.24200539026896
504.24200539026896
505.1821453693707
505.1821453693707
506.1225148123723
506.1225148123723
507.06311244262287
507.66622893393253
507.66622893393253
508.6079039889176
508.6079039889176
509.54980129522176
510.4919196226322
510.4919196226322
511.43425774971314
512.3768144637304
513.6535797597443
513.6535797597443
514.5959580097768
514.5959580097768
515.5385533594941
516.8152474530913
516.8152474530913
517.7576653223011
518.700298823897
519.0346809221904
519.9769225648384
519.9769225648384
520.9193795588718
520.9193795588718
521.8620507375489
521.8620507375489
522.8049349422785
522.8049349422785
523.7480310225519
523.7480310225519
524.0811005941733
525.0238089839355
525.0238089839355
525.9667289857791
525.9667289857791
526.9098594636467
527.8531992893479
529.1285288094
530.0716932642225
530.0716932642225
531.3473440227211
531.3473440227211
533.5663032838562
533.5663032838562
534.8429676082504
535.7854048030797
536.1203223158026
537.398362483549
538.3400412378778
538.3400412378778
539.6183836749819
539.6183836749819
540.8974024711156
541.8385368354673
542.1770928395998
543.1178509310847
543.1178509310847
543.1178509310847
544.3978324718055
544.3978324718055
545.6784767608119
545.6784767608119
545.6784767608119
546.9597791428544
546.9597791428544
548.2417350038211
548.2417350038211
549.5243397703144
549.5243397703144
550.8075889092306
550.8075889092306
551.1533361960172
552.091477927345
552.4382318413526
552.4382318413526
553.7237578432047
554.0730998704051
555.3602434456395
556.6480036791653
557.0008976653448
557.9363763010977
558.6456837746086
558.6456837746086
559.9366035543667
560.2945653850303
561.5870368874267
561.9475064452195
562.3095233054479
562.3095233054479
562.6730844815664
562.6730844815664
563.0381869820199
564.3350068886388
564.7025765834613
564.7025765834613
565.0716768694039
565.442304749123
565.8144572207394
567.1155085165632
567.4900880191653
567.8661814195312
568.2437857117313
568.6228978857605
569.9280656363574
570.6925617177782
571.4630346750348
571.8505049398838
573.1605359757422
573.5503465259175
573.9416346633166
574.3343973679446
575.1243343834444
575.5215026391281
575.920133351839
576.3202234869084
576.7217700069939
577.1247698721655
577.5292200399907
577.021663371489
577.4296493946254
577.4296493946254
577.8390779447163
576.9272051134354
577.7516767608728
577.7516767608728
577.2564421468157
577.2564421468157
576.7642499323272
576.2751079128788
576.2751079128788
575.7890238620392
575.7890238620392
575.3060055309696
574.4005571027939
573.9215974329595
573.0174517412188
573.4457254178463
572.5425748361426
571.6397466936672
572.0707998141489
571.6021343557072
570.701322935211
570.2367929202745
569.3373340999166
568.8769638507082
568.8769638507082
568.4197392772352
568.4197392772352
567.9656679765072
567.9656679765072
567.5147575173706
567.5147575173706
566.6198019836581
566.6198019836581
566.1731184010771
566.1731184010771
565.279576846714
565.279576846714
564.3863924653039
564.3863924653039
563.4935669552937
562.6011020252271
562.6011020252271
561.7089993938142
560.365059581698
559.021466493014
557.6782226338051
555.4421662063477
555.4421662063477
554.0992690845206
554.0992690845206
552.756727684069
551.8632076882822
551.4145446032413
550.5206626458266
549.1784773641443
549.1784773641443
549.1784773641443
548.2845976315585
548.2845976315585
547.8366544874485
547.8366544874485
547.8366544874485
546.942410131085
546.942410131085
546.0485326415593
545.1550238234992
544.7063429041376
544.7063429041376
544.7063429041376
543.8124676761282
543.8124676761282
543.3645185324489
542.4702756833778
542.0230622399752
541.1284505549492
540.6819767663798
540.6819767663798
539.3412648778137
538.4459118611636
538.0009293672271
536.6609730546837
536.6609730546837
535.3213987876816
535.3213987876816
534.8794256652615
533.9822094414757
533.5410012360812
532.6434079194072
532.6434079194072
532.202968800438
532.202968800438
532.202968800438
532.202968800438
532.202968800438
531.304997153236
531.304997153236
531.304997153236
531.304997153236
531.304997153236
531.304997153236
531.7461800520997
530.849319487178
531.2927629847785
531.2927629847785
531.2927629847785
531.2927629847785
531.2927629847785
531.2927629847785
531.2927629847785
531.2927629847785
531.2927629847785
531.2927629847785
531.2927629847785
531.2927629847785
531.2927629847785
530.3970211077735
530.3970211077735
529.5016524997822
529.0567077355697
527.7167801008416
526.8206525944099
526.3772411493491
526.3772411493491
525.480732282355
525.0380938560554
525.0380938560554
524.141202349138
524.141202349138
524.141202349138
524.141202349138
524.141202349138
523.2446846361652
523.2446846361652
523.2446846361652
523.2446846361652
523.2446846361652
523.6888389110464
522.7934582605257
522.7934582605257
522.7934582605257
523.2399067349508
523.2399067349508
522.3456709880919
522.3456709880919
522.3456709880919
522.3456709880919
522.3456709880919
522.3456709880919
