385.78361810735305
389.03084710598466
386.25639153287807
386.25639153287807
385.8250899047391
385.8250899047391
385.21682206258856
384.61019227264376
384.61019227264376
384.61019227264376
383.8150596315887
383.2088203577783
383.2088203577783
383.2088203577783
383.2088203577783
383.2088203577783
383.2088203577783
383.2088203577783
383.2088203577783
383.2088203577783
383.8150596315887
383.020887158912
383.020887158912
382.8380858796575
383.275357934736
383.105729531679
383.105729531679
382.94124875756074
383.5635540559087
382.7819222481647
383.40709435272584
384.03385267447453
383.2557892582968
383.2557892582968
383.88539956606843
383.88539956606843
383.88539956606843
384.51657961653615
384.51657961653615
384.51657961653615
384.51657961653615
384.51657961653615
384.51657961653615
383.74210089590116
383.74210089590116
383.74210089590116
383.74210089590116
383.74210089590116
383.74210089590116
383.74210089590116
383.74210089590116
383.74210089590116
383.74210089590116
383.74210089590116
383.74210089590116
383.74210089590116
383.109644879896
383.109644879896
383.109644879896
382.4787575800779
382.4787575800779
382.4787575800779
382.4787575800779
381.849446771892
381.849446771892
381.849446771892
381.849446771892
381.849446771892
381.849446771892
381.849446771892
381.849446771892
381.22172026263144
381.22172026263144
381.22172026263144
380.4431626406236
380.4431626406236
380.4431626406236
379.6656423749718
378.88916585196785
378.88916585196785
378.1137395017536
377.3393697985939
377.3393697985939
377.3393697985939
376.56606326114945
376.56606326114945
376.56606326114945
376.56606326114945
376.56606326114945
376.56606326114945
376.56606326114945
376.56606326114945
376.56606326114945
375.9321747336878
375.9321747336878
375.9321747336878
375.9321747336878
375.9321747336878
375.9321747336878
375.2998800959041
376.0757902338304
375.44640096823406
375.598189559002
374.97333238511777
375.13330963805384
375.13330963805384
374.6811978202269
374.6811978202269
374.0655022853618
374.8546384933765
374.24190037995476
373.6308338453881
373.81546249453083
373.20905669610966
373.4019282221237
372.8002145922129
373.001340480165
372.40435013570936
371.80909079795236
372.0215047547655
371.4310164754688
370.25531731495767
369.6701232179847
369.08671067921154
369.3196447523473
367.589444897429
367.0163484097132
366.44508456247576
365.3080891521566
364.7423748346221
365.0054794109261
363.88597115030416
363.3290519625426
362.7740343519641
362.7740343519641
362.22092705971585
361.6697388502389
360.5731548521049
360.02777670618696
360.3248534309006
359.2464335243984
358.71018942873644
358.1759344232943
357.64367742209566
357.96228851654195
357.4353088322417
356.91035288990986
357.2408151373524
356.72117963473937
356.72117963473937
357.06021901074337
356.5459297201414
356.5459297201414
356.384623686264
357.24641355792505
357.24641355792505
356.7408022640528
357.1022262602125
357.9678756536681
357.4688797643789
357.8407467016578
357.8407467016578
358.71018942873644
358.21781083580976
358.21781083580976
358.6000557724441
358.6000557724441
358.6000557724441
358.98746496221844
358.98746496221844
358.98746496221844
359.3800217040452
359.7777091483017
359.7777091483017
359.3007097126305
359.70682506730395
359.70682506730395
359.70682506730395
359.23529893372114
359.64982969549703
359.18379696194535
359.14620978091915
359.14620978091915
358.687886608957
358.2192066319169
357.77087639996637
357.32478223599327
356.4393356519451
356.8991454178617
356.4631818294843
356.02949316032795
355.1689738701848
354.7421598851763
355.22387307161665
354.3839725495497
353.96751263357487
354.4643846707311
353.6453025278294
354.1539213392956
354.1539213392956
353.75132508585745
354.66744987382197
355.18586683594265
354.79007877898727
355.7091508522096
356.23728047468586
355.84828227771453
356.7702341844117
357.69260545893314
357.69260545893314
358.6153928653928
359.5385931996731
360.46220328905497
360.0805465447974
361.00554012369395
361.93093263770646
361.93093263770646
362.8567210346255
363.78290229201264
364.7094734168555
364.7094734168555
365.6364314452268
365.6364314452268
366.5637734419483
367.4914965002592
367.4914965002592
368.41959774148825
368.41959774148825
369.3480743147309
369.3480743147309
368.97831914626096
369.9080966943005
369.9080966943005
369.5416079415145
370.4726710568541
370.10944327320266
369.74856321559923
370.6818042472546
370.32418230517976
369.616016968962
369.2654871498283
370.20264720825537
369.51048699597146
369.16798344385177
368.8278731332544
368.1548587211637
368.765508148471
368.765508148471
368.10867960427123
367.78390394360656
367.78390394360656
368.0896629898753
367.77302783102516
367.458841232593
367.14710948065493
367.78934187928826
367.78934187928826
368.4358831601504
368.13312809362867
368.13312809362867
368.78720151328463
368.4901626909462
369.4455304913026
369.15173032237027
370.10809231898725
370.10809231898725
371.06468438804575
372.0215047547655
372.0215047547655
372.6902198877776
372.6902198877776
373.6482302915404
374.60646016853474
375.5649078388448
375.5649078388448
377.48244992317194
378.4415410601748
379.40084343606827
380.3603554525629
381.3200755271088
381.3200755271088
382.2800020927069
383.24013359772226
383.24013359772226
384.2004685057008
384.2004685057008
385.1610052951882
385.84582413186746
385.84582413186746
385.84582413186746
386.53460388430943
387.4970967633177
387.227323416104
387.9239616213466
388.6244974265004
388.6244974265004
389.32890979222185
389.07068766485094
389.7819903484511
390.24735745421776
390.0
390.0
390.4830342025118
390.24351371931857
390.97826026519687
390.7441618245882
390.51248379533274
391.2569488200817
391.0306893326916
391.78182704153085
391.56097864828155
392.3187479588504
392.3187479588504
393.0801444998208
392.86766219682676
393.84514723429055
393.6356183070836
394.40715003660875
395.38588745679834
395.38588745679834
396.36473102434326
396.1615831955441
396.1615831955441
398.1205847478877
398.1205847478877
398.1205847478877
400.0799920015996
400.0799920015996
401.05984590831326
401.05984590831326
403.01985062773275
403.01985062773275
404.0
404.9802464318476
406.15883592506026
406.15883592506026
408.1188552370498
408.1188552370498
409.0990100208017
410.2779545625136
411.257826673244
411.257826673244
412.23779545306127
413.2178602141974
413.2178602141974
414.19802027532677
415.1782749614917
415.9627387158614
416.9436412754127
417.9246343540902
417.9246343540902
418.7135058724521
419.69512744371957
419.505661463585
420.4878119517854
421.47004638526806
422.26650352591315
423.066188675011
423.066188675011
423.869083562366
424.6751699828941
424.4997055358225
425.48442979737814
426.2968449331991
427.1123973850443
427.1123973850443
427.93106921559223
428.9172414347551
429.739455949765
430.56474542163807
431.5518508823708
431.3930922024598
433.21241902789444
433.21241902789444
434.20041455530645
435.03563072465687
436.02408190374075
437.01258563112344
437.8515730244668
438.8405177282517
438.8405177282517
440.8185567781828
440.67221378253475
441.6616351914665
442.6511041441103
443.64062032235057
443.64062032235057
445.6197930972097
445.6197930972097
446.6094490715574
447.5991510268982
447.5991510268982
448.5888986588946
449.7221364353772
449.7221364353772
449.7221364353772
451.7012286899384
451.7012286899384
452.6908437333364
453.6805043199454
453.82485608437094
454.81424779793343
454.81424779793343
454.81424779793343
455.80368581221455
456.649756377905
456.649756377905
457.63959618896615
457.63959618896615
458.6294800816886
459.6194077712559
459.6194077712559
459.6194077712559
460.6093789752875
460.4693257970611
461.45964070544676
461.45964070544676
462.4499972970051
462.4499972970051
463.303356344415
464.294087836578
464.294087836578
465.15051327500436
465.15051327500436
465.15051327500436
466.14160938495934
467.00107066258425
467.00107066258425
467.9925213077662
468.8549882426335
468.8549882426335
469.8467835369313
470.83861353971383
470.83861353971383
471.8304780321
471.8304780321
472.8223767970378
473.8143096192853
474.806276285392
475.7982765836799
475.7982765836799
475.9254143245557
476.9171835864168
477.9089871513194
477.9089871513194
479.0292266657641
480.02083288124066
481.14239056645175
482.1337988567074
482.26548705044195
483.25666058524223
483.25666058524223
484.38104834933415
484.38104834933415
484.38104834933415
485.5069515465252
486.49768755873856
486.6343596582551
487.6248558061822
487.6248558061822
488.6153906704127
488.7535166113897
489.74381057855135
489.8836596580866
490.87371084628273
490.87371084628273
491.86380228677126
491.86380228677126
491.86380228677126
492.99492898000483
493.98481758045966
493.98481758045966
494.9747468305833
494.9747468305833
494.9747468305833
495.96471648696945
496.9547263081417
496.9547263081417
497.944776054534
497.944776054534
497.944776054534
498.9348654884723
498.9348654884723
499.9249943741561
499.9249943741561
499.9249943741561
499.9249943741561
500.9151624776395
500.9151624776395
501.9053695668139
501.9053695668139
501.9053695668139
502.8956154113893
503.7479528494384
503.7479528494384
503.88589978287746
504.7385461800991
504.7385461800991
504.7385461800991
505.72917653621687
505.72917653621687
505.72917653621687
506.719843700639
506.719843700639
506.719843700639
507.71054745789945
507.71054745789945
507.71054745789945
507.71054745789945
508.701287594203
508.701287594203
508.701287594203
509.69206389740856
509.69206389740856
509.69206389740856
510.6828761570139
510.6828761570139
511.8095348857815
511.8095348857815
512.8001560062165
512.8001560062165
513.9280105228747
513.9280105228747
514.9184401436795
515.0572783681442
516.0474784358508
516.0474784358508
517.1779190955468
517.3200170107474
518.3097529470191
519.4429708832337
519.4429708832337
520.5775638653668
520.5775638653668
521.7135229223027
521.8620507375489
522.8508391501347
522.8508391501347
523.0009560220708
523.9895037116679
523.9895037116679
525.1295078359242
525.1295078359242
526.2708428176503
527.2589496632561
527.2589496632561
527.4135000168274
528.4013626023309
528.5574708581839
529.5450877876217
529.5450877876217
530.6901167348041
530.6901167348041
531.6775338492308
531.8364410229897
531.8364410229897
532.8236105879694
532.8236105879694
533.8108279156578
533.9709729938511
533.9709729938511
534.9579422721005
534.9579422721005
534.9579422721005
536.1063327363332
537.093101798934
537.093101798934
538.2425103984262
538.2425103984262
538.2425103984262
539.2290793345626
539.2290793345626
539.2290793345626
540.3794962801605
540.3794962801605
540.3794962801605
541.3658651965416
541.5311625382236
542.5172808307584
542.5172808307584
543.5034498510566
544.6558546458489
544.6558546458489
544.6558546458489
545.6418239101545
545.8094905734051
546.7952084647414
547.7809781290329
547.7809781290329
547.7809781290329
548.9353331677603
548.9353331677603
550.0909015790027
551.0762197736353
551.0762197736353
551.0762197736353
552.2327407896058
552.2327407896058
552.2327407896058
553.2178594369491
553.2178594369491
554.3753241261736
554.3753241261736
554.3753241261736
555.3602434456395
556.3452165697122
556.3452165697122
556.5186429941049
557.5033632185549
557.5033632185549
557.5033632185549
558.4881377433186
558.4881377433186
559.4729662816604
559.4729662816604
559.4729662816604
560.4578485488449
561.4427842621187
561.4427842621187
562.6011020252271
563.5858408441433
563.5858408441433
563.5858408441433
564.5706333134942
565.5554791530182
565.5554791530182
565.5554791530182
566.714213691522
567.6988638353964
567.6988638353964
568.6835675487731
568.6835675487731
569.6683245538583
570.8274695562575
570.8274695562575
571.8120320524919
572.9720761084261
572.9720761084261
572.9720761084261
573.9564443405092
573.9564443405092
575.1173793235604
575.1173793235604
575.1173793235604
576.1015535476363
577.2633714345645
577.2633714345645
578.247351917845
578.247351917845
578.4263133710291
579.4100447869367
579.5903725908497
579.5903725908497
580.5738540444273
580.5738540444273
581.7387729900767
581.7387729900767
581.7387729900767
582.9047949708425
582.9047949708425
584.0719133805356
584.0719133805356
585.2401216594775
585.4271944486351
586.4094132941592
586.4094132941592
586.5978179297977
587.7695126493037
588.7512208055283
589.9237238830118
589.9237238830118
590.1160902737698
592.271897020279
592.271897020279
593.2528971694956
594.4282967692571
594.6242511031652
594.6242511031652
596.7822048285287
597.9607010498265
597.9607010498265
598.9407316254255
599.1402173114403
600.1199880023994
601.0998253202208
602.2798352925324
603.2594798260529
604.4402369134602
605.4196891413427
606.601186942459
606.601186942459
607.5804473483327
608.5597752070046
608.5597752070046
609.7417486116561
609.7417486116561
609.7417486116561
610.7208855115404
611.7000899133496
611.7000899133496
612.6793614934323
612.6793614934323
612.8825336065631
613.8615479079953
613.8615479079953
614.8406297570127
615.0447138216863
616.0235385113137
616.2288535925594
616.2288535925594
616.2288535925594
617.4139616173253
617.4139616173253
618.6000323310693
618.8093405888441
619.7870602069714
619.9975806404409
620.9750397560275
621.1867674057457
621.400032185387
622.5913587578934
622.5913587578934
623.7836163286112
623.7836163286112
624.0008012815368
625.1951695270845
625.4150621787103
625.4150621787103
626.6115223964526
627.8088881180323
627.8088881180323
629.2320716556014
629.2320716556014
630.4323912998126
630.6599717755995
630.6599717755995
631.8623267769649
632.0925565136802
633.0655574267171
633.2969287782786
633.2969287782786
633.2969287782786
634.502167056977
634.736165662553
634.736165662553
635.943393707333
636.1800059731522
636.4181015653153
637.3892060585903
637.3892060585903
637.6284184381998
637.8691088303304
637.8691088303304
639.0813719707373
639.0813719707373
640.2944635087828
640.5388356688453
640.5388356688453
640.7846752224963
641.0319804814733
641.0319804814733
642.2491728293622
642.4990272366177
642.4990272366177
643.7181060060374
643.9704962185767
645.1914444566047
645.4463571823766
645.4463571823766
645.7027179747658
645.9605251097005
647.1854448301507
647.1854448301507
647.4457506231699
648.6724905528213
648.9352818270863
649.1995070854567
650.429089140392
650.6957814524388
650.6957814524388
650.963900688817
652.196289471199
652.4668573958373
652.7388451746992
652.7388451746992
653.0122510336234
653.2870731921764
653.2870731921764
654.5242547071881
654.5242547071881
654.5242547071881
654.8014966384851
655.0801477681948
655.3602062987957
655.3602062987957
655.6416704267659
655.6416704267659
655.9245383426359
655.9245383426359
656.2088082310386
656.494478270762
656.494478270762
656.7815466348001
657.0700114904042
657.0700114904042
658.3167930411619
658.6076221848635
658.6076221848635
658.8998406434774
658.8998406434774
659.1934465693663
659.4884381094182
659.4884381094182
661.0370640138116
661.3357694847602
661.3357694847602
662.8906395477311
662.8906395477311
663.1930337390464
664.4493961168149
664.7540898708334
665.0601476558342
666.3189926754302
666.3189926754302
666.6273321729316
666.9370285116879
667.2480798024076
668.5102841392943
668.5102841392943
668.823594081429
669.1382517835907
669.4542553453522
669.7716028617517
669.7716028617517
670.4103221162395
670.4103221162395
670.4103221162395
669.7850401434777
669.7850401434777
669.7850401434777
670.1082002184423
670.4326961000635
670.7585258496533
670.1410299332522
670.1410299332522
670.4699844139184
670.4699844139184
669.5259517001563
669.8567010935996
668.9132978196801
669.2458442157113
669.5797189282245
668.637420430535
668.9730936293328
668.9730936293328
668.9730936293328
668.3689101087812
668.7077089431525
668.7077089431525
669.0478308760892
669.3892738907608
670.0761150794737
671.0149029641592
671.3598141086492
672.0535692934009
672.402409275874
672.402409275874
673.1040038508165
673.1040038508165
673.810804306372
674.1661516273269
674.5227942775545
674.880730203493
675.6004736528831
675.9622770539788
676.325365486169
676.6897368809431
677.0553891669425
677.422320270007
677.422320270007
677.7905281132217
677.2311274594516
677.6023907868095
677.9749257900324
677.9749257900324
677.7971673000707
677.7971673000707
677.7971673000707
677.626740912724
678.0066371356552
677.0819743576105
677.4636521615016
677.8465903137671
677.8465903137671
677.8465903137671
677.3079063468845
677.6938836967618
677.6938836967618
677.6938836967618
677.548522247669
677.9387877972465
678.3303030235344
678.7230657639388
678.7230657639388
679.1170738539857
679.5123251273666
679.5123251273666
680.3065485499901
680.3065485499901
680.7055163578448
681.1057186663462
681.5071533006825
681.5071533006825
680.9948604798717
681.3992955675842
682.7188293873254
683.1251715461816
683.5327351341705
683.941517967728
684.351517861983
683.4398290998265
683.8515920870551
684.2645687159317
684.6787567903651
684.6787567903651
683.7689668301714
684.6020742007724
685.0204376513157
684.1125638372679
684.5326873130311
684.0475129696767
684.0475129696767
684.4705983459041
684.8948824454743
684.4158092855541
684.4158092855541
683.9393247942394
684.3683218852258
683.4654343856754
682.9941434595175
682.9941434595175
683.4266602935534
682.9597352699499
682.9597352699499
682.9326467522255
682.4727100771137
682.4727100771137
682.0153957206538
682.4573246731256
681.5607089614248
682.4492655135618
682.0007331374359
682.4485328579731
682.0043988127936
682.4551267299557
682.4690469171477
682.9238610562674
682.4902929712628
683.4069066083543
682.5188642081624
683.4412922848604
683.0183013653441
683.0183013653441
683.0644186312152
683.5320036399173
682.6485186389846
683.5883264070562
683.5883264070562
683.6519582360603
683.2466611700346
683.2466611700346
683.3220324268785
682.9238610562674
682.528387688014
682.1356170146813
682.619952828805
682.2316322188527
681.846023673967
681.4631317980453
680.5916543714006
680.2124668072469
680.7055163578448
679.8360096376184
679.4622874008535
678.5941349584448
679.0913046122738
677.3573650592425
677.8569170555096
676.9911373127421
676.627667184841
676.627667184841
675.4035830523851
675.4035830523851
675.0466650536094
674.6925225612034
674.3411599479896
674.3411599479896
673.992581561548
673.1337162852564
672.7889713721532
673.3037947316204
672.9635948548777
672.6261963379065
672.2916033984063
672.8127525545276
671.9598202273704
671.6308509888449
672.1554879639085
671.8310799598363
671.5094936037763
671.190732951521
671.190732951521
670.0283576088403
670.5617048415455
669.4072004393141
669.1008892536312
669.1008892536312
667.9558368634861
667.9558368634861
667.6563487303929
666.5208173793224
666.2281891364249
665.3908625762756
665.1022477784901
664.2665127793211
663.9819274648972
662.3141248682531
662.8672566962408
661.2026920695348
661.7582640209339
660.0969625744387
658.996965091646
658.1686713905486
657.3408552646032
656.5135185203729
655.6866629724902
654.8602904436946
654.0344027648698
653.2090017750827
652.3840893216204
650.7357374541527
649.9123017761705
649.9123017761705
649.0893621066363
648.8366512459049
648.0154319150123
648.0154319150123
647.1947156768201
646.3745044476925
646.3745044476925
645.5548001525509
644.7356047249136
644.7356047249136
643.0987482494427
643.6746072356747
642.857682539456
641.225389391281
641.8044873635585
640.9898595141736
639.9445288460555
639.9445288460555
639.7163433897871
638.0948205400198
637.8722442621249
636.8453501439733
636.8453501439733
635.8246613650654
634.2152631402054
634.0070977520678
632.402561664641
632.2001265422208
630.600507453015
631.2020278801392
629.6062261445641
628.0127387243033
627.2168683956132
626.2347802541791
625.441444101684
624.6487012713626
623.0650046343479
622.2740553807462
620.0806399170998
619.2907233279052
618.5014147113974
617.7127163981652
615.5209175974444
613.9462517191549
613.3294383934298
612.5422434412177
611.1382822242442
608.9474525769855
608.1611628507693
606.7569529885916
605.9711214241154
604.5667870467249
603.7814174020264
602.9966832412928
601.592054468807
601.592054468807
600.1874707122766
600.1874707122766
599.4030363620125
597.2143668734034
596.4310521761925
595.6483862145519
594.8663715491068
594.0850107518283
592.6795086722672
591.8986399714059
590.3388857258177
589.5600054277767
589.5600054277767
588.0042516853089
587.2273835576812
586.4511914899654
584.9008462979003
584.1266985851614
583.3532377556501
582.5804665451803
581.8083877016556
581.0370039851163
580.2663181677875
578.7270513808734
577.3188027424709
576.5500845546725
575.7820768311567
575.0147824186784
574.2482041765564
572.839419034689
572.839419034689
572.0734218612153
571.3081480252141
569.8991138789391
568.4901054547915
567.7252856796146
565.5519427957082
565.5519427957082
563.3790908438118
561.9697500755713
559.7972847379666
559.7972847379666
558.3878580341803
556.9784555977009
556.2157854645983
554.0442220617412
553.3967835107103
552.6345989892417
550.5778782334066
548.405871595117
546.9963436806502
546.9963436806502
546.2343819277581
543.415126767741
543.415126767741
542.6536648729095
541.2439376103903
541.2439376103903
539.0732788777422
537.6634635159804
536.2536713161039
535.4932305827964
534.8439024612695
533.3235415767806
532.6734459309944
531.9135268067546
530.5035343897343
529.7442779303992
528.3341745524323
528.3341745524323
526.924093205084
526.1653732430518
524.7551810130129
523.345010485435
522.5868348896669
520.5247352431967
519.0086704478067
518.3560552361668
516.1879502661797
515.5356437725718
513.3673148925631
511.9570294468082
510.54676573258206
508.37879578125603
507.72630422305286
505.5581074416669
502.73750606056836
501.32723843812835
499.15929321209677
497.74893269599283
495.58147665141803
492.7605909567038
491.350180624776
489.18299234540035
488.42706722703235
485.6058072140406
483.43975839808627
480.6183517095451
479.86352226440385
478.4527144870222
475.631159618459
474.220412888353
472.05508153180597
471.39898175537036
470.6442393145804
468.5776349763185
467.1669936971147
466.4118351843143
465.001075267574
464.34577633483434
462.93520064907574
462.93520064907574
462.28129964340974
462.28129964340974
460.87091468219165
460.87091468219165
460.2184264020727
459.5671876885903
459.5671876885903
458.9172038614373
458.2684802602073
458.2684802602073
456.9748351933616
456.9748351933616
456.3299245063817
455.6862956025779
455.04395392093716
453.763154079306
453.763154079306
451.7167253932491
450.4442251822083
449.036746825914
446.99552570467637
444.95617761752675
442.1425109622462
441.51217423758544
438.6992135848889
437.29280808172456
435.25854385640724
432.4465284864708
431.6676962664684
428.8554535038583
426.82314838818195
424.79289071263895
423.38752933925673
422.7647099747092
419.9547594682075
419.33399575994315
417.92941987852447
417.31043600657773
416.6929325054602
416.076915966267
416.076915966267
415.4623930032657
415.4623930032657
414.8493702538308
414.8493702538308
414.8493702538308
414.23785437837523
414.23785437837523
414.23785437837523
414.42128323723915
414.42128323723915
414.60945478847924
415.40582566930857
415.60076997041284
415.80043290020757
415.80043290020757
415.20236030157633
415.4094365803454
414.81562169233695
415.03011938894264
415.03011938894264
414.6625133768424
413.4936517045939
412.9116128180461
412.3311775745317
411.7523527558768
411.41827864109297
410.8454697328425
408.8826237442721
408.31360496559506
408.0061274049693
406.88204678997573
406.88204678997573
406.59562220958554
406.04063836025085
404.9357973802761
405.2221612893352
404.675178383849
404.4267548023993
403.88612256426933
404.1905491225642
403.6545552821125
403.12032943030795
403.43524883182926
403.43524883182926
403.2282232185639
402.7033647736259
402.7033647736259
403.0334973671543
403.0334973671543
403.36831804196026
403.36831804196026
403.7078151336682
404.0519768544636
404.0519768544636
403.54058036336323
403.54058036336323
404.40079129497263
403.89231238041657
404.75424642614934
404.75424642614934
404.2486858358355
405.1123301011708
404.6096884653159
404.97530788925883
405.34553161469535
405.34553161469535
404.7381869801761
405.6106507477337
405.51325502380314
405.4281687302943
404.9506142729012
405.3553996186556
404.88269906233336
404.82712359722143
403.8972641650349
404.7530111067736
405.18761086686743
405.1765047482393
404.7283039274619
405.1777387764535
405.1913128387626
405.652560696959
405.6858390429718
406.15883592506026
406.2117674317178
406.2117674317178
406.69644699702013
407.18546143004664
407.6787951316575
408.17643244067875
408.67835763592865
409.18455493823325
410.0987685911773
410.0987685911773
411.5264268549469
411.1265012134343
412.96125726271225
413.87920943193075
413.48397792417546
414.40318531594323
414.40318531594323
414.9313196180785
415.8521371833984
416.38563856117804
416.0
416.92325432865937
417.46496859018004
417.46496859018004
417.0851232062827
417.6338108917907
417.25891242728414
417.25891242728414
417.81455216399536
418.0071769718793
417.6421913552317
417.2792829748441
416.9184572551328
416.55971960812536
417.137866897744
416.7841167798984
416.08292442733097
416.673733273409
415.98677863605235
415.6464844071221
416.24992492491816
416.8572897287512
416.5249092191246
417.1390655404981
418.08372367266344
418.7027585292459
419.32564910818417
419.9523782525823
420.9002257067582
420.58292880239446
422.1670285562339
423.1170050943356
423.75700584179134
424.70813507631334
425.3527947480773
426.30505509552665
426.30505509552665
427.907700328003
428.86128293423735
429.81507651547076
430.76907967030314
430.4706726363597
432.3806193621541
432.3806193621541
433.0415684434925
433.0415684434925
434.66308791982783
434.66308791982783
435.62024746331525
435.62024746331525
436.2900411423575
437.2482132610721
437.2482132610721
437.92236754931804
438.88153299039595
439.5600072800072
439.2812311037202
440.2419789161411
440.9274316710177
441.61634933503086
442.57880654184066
442.3087157178796
443.00451464968165
443.96846734875214
444.6684157886638
445.371754829603
445.371754829603
446.33731638750527
447.0447404902556
448.01116057526957
448.72263147739716
448.72263147739716
449.4374261229254
450.40537296972826
451.37345956535813
452.09291080484775
453.0618059382185
454.03083595720676
454.03083595720676
455.96929721199433
456.6946463447979
457.6647244435603
458.6349310726343
459.60526541805416
460.575726672607
461.78783006917797
462.7580361268727
462.7580361268727
463.7283687677518
464.69882719886436
465.9109356947956
466.88114119120297
467.8514721575641
468.8219278148154
469.06396152337265
470.0340413204133
471.0042462653601
471.9745755864398
472.2171110834507
473.1870666026281
474.157146946031
474.157146946031
475.1273513490883
476.097679053364
477.0681293064964
477.0681293064964
477.0681293064964
479.0093944798995
479.0093944798995
479.9802079252852
480.95114096964153
480.95114096964153
481.92219289009716
481.92219289009716
483.62795618119515
484.59983491536605
484.59983491536605
485.5718278483627
485.3380265340848
486.3106003368629
486.3106003368629
487.05235858170323
488.02561408188404
488.99897750404347
490.71886044862794
490.71886044862794
491.4682085343873
492.44289008980525
492.44289008980525
493.19570152222536
494.17102302745354
495.1464429842953
495.1464429842953
496.1219608120568
496.1219608120568
497.09757593454424
497.09757593454424
498.07328778002136
499.0490957811666
499.0490957811666
500.02499937503126
501.000998002998
502.19518117958876
502.19518117958876
504.36593858031296
505.5620634501762
506.53726417707907
507.7341824222592
507.7341824222592
508.70915069418595
508.93221552580064
510.13135563303695
511.1056642221841
512.3055728761888
514.2538283766102
514.4803203233337
515.4541686706976
516.4281169727303
517.6292109222585
517.6292109222585
518.8313791589711
519.8047710438988
520.7782637553146
521.7518567288477
522.9541088852826
523.9274758971894
523.9274758971894
524.9009430359217
525.8745097454334
526.8481754737317
527.8219396728408
528.7958017987662
529.7697613114588
530.7438176747798
531.7179703564664
532.6922188280959
532.6922188280959
533.6665625650534
534.6410010464966
536.8146793820005
536.8146793820005
538.0148696829856
539.9629616927442
541.1635612271026
541.3917250937624
542.3651906234396
543.5678430518126
543.5678430518126
546.2096667031809
547.1818710447195
548.624643996239
549.8336111952415
551.0435554472986
552.2544703304809
553.4663494739315
554.6791865574189
555.8929753108956
557.107709514058
558.0770556114988
559.2924101040528
559.5399896343424
560.5086975239545
561.7259118110896
562.9440469531586
565.1309582742747
565.1309582742747
566.35059812805
567.5711409153922
568.5384771499639
569.7595984272665
569.7595984272665
570.9816109122955
570.9816109122955
572.2045088952026
572.2045088952026
573.1710041514661
574.1376141658026
574.3944637616208
574.3944637616208
575.3607563954984
576.584772605035
576.584772605035
577.8096572401677
577.8096572401677
579.0354047897245
579.2969877359972
580.5247626070743
581.7533841758035
582.01890003676
583.2495177880561
583.5177803632037
584.7503740913725
585.0213671311502
586.2559168144916
586.2559168144916
586.5296241452771
587.766109945104
589.2809177293967
589.5600054277767
590.5201097337838
591.7600865215564
592.0413836886743
593.2832375855565
593.5671823812364
594.8108943185221
595.7692506331625
595.7692506331625
597.013400184619
597.3005943409064
597.5893238671521
597.5893238671521
597.8795865389619
598.8363716408682
599.1276992428242
600.0841607641381
600.3765485093501
601.6261297516922
601.6261297516922
601.921091173918
601.921091173918
602.5155599650518
602.5155599650518
603.7689955603881
603.7689955603881
604.0695324215583
604.0695324215583
605.3247062527681
605.6277734714616
605.9323394571377
606.2384019509157
606.5459586873859
606.8550073946824
608.1159428924718
608.4274812991274
608.7405030060017
609.0550057260838
609.0550057260838
610.3195884124972
610.6365531148623
610.9549901588496
611.2748972434579
611.5962720618888
613.1892040797849
613.1892040797849
613.5144660071187
613.8411846723874
613.8411846723874
614.1693577507755
614.1693577507755
615.4429299293315
615.7734973186164
615.7734973186164
616.1055104444367
616.1055104444367
616.4389669707781
616.7738645565325
617.1102008555685
617.4479735167976
617.7871801842443
618.1278184971131
618.4698860898565
618.8133805922429
619.1582996294243
619.5046408220038
619.5046408220038
619.8524017861026
619.8524017861026
620.5521734713367
620.9041794029091
620.3224967708329
620.6778552518206
621.034620613054
621.7523622793885
621.7523622793885
622.1133337262593
622.1133337262593
622.4757023370471
622.839465673138
622.2740553807462
622.6411486562705
623.0096307441804
623.3794991816783
624.1233852372462
624.1233852372462
624.872787053493
625.2495501797662
625.6276848094241
626.3880586345816
626.3880586345816
627.5388434192739
627.9251547756309
628.7018371215405
628.7018371215405
628.1719509815764
628.5642369718469
629.3528422117437
629.3528422117437
629.7491564107092
630.1468082915283
630.1468082915283
630.9461149733787
630.9461149733787
630.4323912998126
630.4323912998126
630.835953319086
631.2408415177206
631.6470533454581
630.7336997497438
631.1418224139484
631.5512647442011
631.5512647442011
631.0507111159926
631.0507111159926
631.4633797774816
631.4633797774816
631.4633797774816
631.8773615188314
631.3834017457222
632.2191075885005
632.6389175509202
631.7317468672918
632.1534623807735
632.5764775898642
631.6708003382774
632.0957205993409
632.5219363784943
632.0458844103014
632.0458844103014
632.4752959602454
632.0039556838233
632.0039556838233
631.9699359937939
631.9699359937939
631.5061361538777
631.9438266175246
631.4847583275466
631.9256285355106
631.4712978433778
631.4712978433778
631.0198095147251
631.4657552076756
630.5711696549407
631.0190171460762
631.4681306289336
630.5751343020116
630.1341127093501
629.6959583799153
629.2606773031348
628.8282754456895
627.9394875304466
627.5109560796528
627.0853211485659
627.0853211485659
626.6625886392134
625.7771168714944
625.3582972984367
624.4741788096607
624.0592920548495
623.1765399948878
622.7656059867147
621.8842335997915
621.4772723117073
621.4772723117073
621.0732645992741
620.1943243855106
619.7943207226087
620.2741329444586
619.3972876918335
619.0032310093382
619.4868844455062
619.097730572484
619.5845382189584
619.2002906976062
618.8190365526904
618.8190365526904
618.440781320249
618.9345684319143
618.561233832189
619.0581555879868
617.8235994197696
618.32434854209
617.9619729400831
617.9619729400831
617.6026230514245
617.2463041606649
617.2463041606649
616.8930215199391
616.8930215199391
616.5427803486145
615.6833601779408
615.3373058737785
615.3373058737785
613.6220335027092
613.2813383757898
611.5701104534132
610.7151545524313
610.3810285387317
608.6747900151607
607.8223424652964
608.3461185871083
606.6440471973659
604.9437990425226
604.9437990425226
603.2453895389503
602.9270270936609
602.0797289396148
601.2328999647308
600.3865421543024
600.9201278040202
600.0749953130859
599.230339685834
598.3861629416242
598.0802621722272
597.2378085821426
597.2378085821426
596.9363450151113
596.0956299118455
595.7986236976383
594.9596624982235
594.6671337815803
593.829941986761
593.829941986761
593.5419109043606
592.7065040979388
592.4229907760164
591.5893846241665
590.4786194266478
588.8166098200695
587.9863944004147
586.8875531138823
586.0597239189876
585.2324324573955
584.4056810127704
582.7538073663698
581.9286897893934
580.847656447024
579.2029005452234
578.3813620786894
577.5603864532262
575.920133351839
575.920133351839
574.2821606144491
574.2821606144491
573.464035489585
572.0707998141489
571.2530087448117
570.4357983156386
570.4357983156386
569.619171025695
568.2253074265524
568.2253074265524
568.2253074265524
568.2253074265524
566.83154464091
566.83154464091
566.83154464091
566.015017468618
565.4378834142615
564.621111897173
564.621111897173
563.8049308049726
562.4108818292904
561.8336052604899
561.8336052604899
561.0169337907724
559.623087443683
559.623087443683
558.2293435497636
557.4127734453167
556.0188845713785
555.2026656996525
553.8086312075679
552.9927666796375
551.5985859300221
551.5985859300221
550.2045074333724
549.6271463455931
548.2335268843013
547.4166603237428
546.0228932929462
544.6292316796813
542.6601146205606
541.8422279593941
541.2670320645808
539.874059387928
539.3004728349495
537.9079846962676
537.9079846962676
536.5156102109239
535.9440269281858
535.9440269281858
535.3737012592233
533.9822094414757
532.5908373226112
532.0225559128108
530.6316990154282
529.2409659125038
529.2409659125038
527.8503575825255
526.4598750142312
526.4598750142312
525.0695192067427
525.0695192067427
523.6792911697005
522.2891919234017
520.8992224989398
520.8992224989398
519.5093839383462
518.683911452823
517.2939203199667
516.7301036324476
515.9040608485263
514.5143341054746
513.1247411692405
513.1247411692405
511.73528312986195
510.90899385311275
510.34596108914195
508.95677616080525
508.1299046503758
507.56772947065895
506.7405647863609
506.1788221567552
505.35136291495246
505.35136291495246
504.79005536955657
504.2301062015238
502.8419234709851
502.283784329138
500.89619683123965
500.89619683123965
500.33988447854125
498.9529035891063
498.39843498951717
497.0120722879878
496.4594646091461
495.62586696014966
495.07373188243383
493.6881606844547
493.1379117447775
491.7529867728309
491.20464167188
488.43628038875244
487.8903565351543
485.66861129786844
485.1236955663988
482.35775105205886
481.81531731567026
479.3537316012049
477.97280257353555
476.0556690136144
474.9873682530937
473.0771607253937
472.547352124631
470.6421145626473
470.1159431459435
468.7397998890216
468.215762229338
467.17234507192313
465.2794859006788
465.6189429136233
465.1042893803496
464.0797345284536
463.5698437128973
463.0615509843157
462.55486161103096
462.0497808678195
462.91359884972053
462.4110725317896
462.4110725317896
461.91016442594116
461.91016442594116
461.91016442594116
462.27805485443497
462.27805485443497
462.27805485443497
461.7813335335243
461.28624518838626
461.28624518838626
460.792795082562
460.792795082562
460.3009884847088
459.8108306684391
459.3223269121587
458.8354824989018
458.3503027161649
457.3849582135381
456.0274114568114
455.0703242357163
454.5943246456119
454.1200281863816
453.64744019998614
453.1765660313869
452.70741102835945
453.5912256646947
453.1247068964569
452.6599164936078
452.6599164936078
453.08387744434253
453.08387744434253
453.97136473570663
453.97136473570663
453.5118521053226
454.4007042248064
454.4007042248064
454.4007042248064
455.7246975971348
455.7246975971348
456.1633479358025
456.1633479358025
457.05579528105756
457.9486870818607
457.4997267758747
458.3939353874569
458.3939353874569
457.94759525517765
458.8431104419026
458.3993891793487
458.8550969532757
458.8550969532757
458.4157501657202
458.87797942372436
458.44301717879836
458.00982522212337
458.48118827275783
458.0523987493134
457.20017497809425
457.68329661459137
457.68329661459137
457.2625066632951
457.2625066632951
457.33576287012585
457.33576287012585
456.92121859243963
456.92121859243963
457.41993834987125
457.0098467210526
456.6015768698133
457.5150270756142
458.02401683754533
458.02401683754533
458.02401683754533
458.5368033211729
458.5368033211729
459.4529355657661
459.9706512376632
460.8882727950452
461.8062364238924
463.64318176804886
463.64318176804886
464.5621594576984
465.48147116722055
466.4011149214804
468.2413907377262
469.1620189231008
469.69458161660754
470.6166167912051
470.6166167912051
471.53896975753764
471.53896975753764
472.0773241747585
473.0010570812712
473.92509956743163
474.8494498259422
474.4691770810829
475.3945729601885
475.0168418066879
475.9432739308331
475.5680813511353
476.49554037787175
476.122883297999
475.75203625418146
476.3129223525224
476.3129223525224
477.2431246230793
476.8773427203268
477.80853906141107
477.44528482329787
478.37746602447737
478.37746602447737
479.30992061504423
479.30992061504423
479.8833191516454
480.81701301014715
480.81701301014715
480.81701301014715
481.7509730140667
482.6851976184892
483.6196852900014
485.4894437575342
486.42471154331787
487.3602363755172
488.29601677670894
489.2320512803714
489.2320512803714
490.1683384307885
491.10487678295357
491.10487678295357
492.04166490247553
492.97870136548494
492.630693319042
493.56863757738904
494.5068250287351
495.1009997970111
495.1009997970111
496.0403209417557
496.97987886835017
497.5791394341206
498.1816937624264
499.1232312766057
499.1232312766057
499.7299270606074
500.6725476796186
500.33988447854125
500.33988447854125
501.2833530050644
501.2833530050644
501.8973998737192
503.7866611969793
503.7866611969793
504.7316118493075
505.67677423429285
505.67677423429285
506.62214716689994
507.56772947065895
508.51351997759116
508.51351997759116
509.4595175281349
510.4057209710722
511.6756785308444
512.6216928691176
513.8920120025218
513.8920120025218
515.1630809753354
516.108515721258
517.3799377633424
518.3251875029806
519.2706423436626
520.5420252006556
521.4872961060508
521.4872961060508
522.759026703509
522.759026703509
524.03148760356
524.03148760356
525.3046734991037
526.2489904978441
527.5225113679984
528.4666498465159
530.6844636881694
531.0150656996466
533.2335323289412
534.5091205957107
535.7854048030797
537.0623799895129
538.3400412378778
539.2819299772615
540.5598949237725
542.779881720021
544.0588203494177
545.3384270340758
546.6186970823446
549.1812087098392
550.4634411112149
551.7463185196617
553.0298364464616
554.3139904422402
556.5366115539929
556.5366115539929
559.1073242231763
559.1073242231763
561.680514171535
562.9680275113321
563.3205126746229
564.6095996350044
565.8992843254001
566.8341909235892
567.1895626684257
568.4804306218465
568.8382898504635
569.771884178221
570.1306867727784
570.4910165813305
571.4236606931848
571.4236606931848
572.1477082013
572.1477082013
572.8778229256217
573.8083303682511
574.543296888929
574.543296888929
575.2842775532806
574.7295015918359
575.1043383595711
575.8584895614547
576.2377981354573
576.0772517640321
576.4616205785082
575.9253423838892
576.3132828592449
576.1735849550897
576.5665616388103
576.9610038815448
576.0425331518499
576.439068766162
575.920133351839
575.4042057545287
575.8063910725549
575.2955762040935
575.7013114454404
575.1956188984752
574.6929615020529
575.1043383595711
574.6068220966403
575.0217387195027
574.1123583411178
574.9478237196832
574.4606165787172
574.4005571027939
574.4005571027939
573.9215974329595
574.3491969176939
574.7782180980765
573.875422021191
574.306538357348
574.306538357348
573.8379562210921
573.8379562210921
572.4727067729955
572.9101151140552
572.0113635234881
571.1129485487087
570.6557631357103
570.6557631357103
568.8620219350207
567.9656679765072
566.1740015225001
566.1740015225001
563.489130329947
562.594880886771
560.3588136185599
559.4649229397675
556.7854164756832
555.8929753108956
554.5493666031907
552.7648686376514
551.8731738361632
549.6371530382567
548.7458428088545
547.8549077995012
547.8549077995012
546.9643498437536
546.9643498437536
546.9643498437536
546.0741707863502
546.0741707863502
545.1843724832912
544.7283726776126
544.7283726776126
543.8382112356578
543.8382112356578
543.8382112356578
543.8382112356578
543.8382112356578
542.9484321738115
542.4923962600766
542.4923962600766
541.1469301400499
541.1469301400499
539.8018154841645
539.3486812814137
539.3486812814137
538.0046468200809
537.553718245907
536.2107794515139
536.2107794515139
535.7620740589987
534.4202466224498
533.9737821279243
533.9737821279243
533.9737821279243
533.5288183406778
532.6330819616821
532.6330819616821
532.1888762460185
532.1888762460185
530.849319487178
530.849319487178
530.849319487178
530.849319487178
529.5101509886283
529.5101509886283
529.5101509886283
529.0689936104742
529.0689936104742
528.1713737036494
528.1713737036494
528.1713737036494
528.1713737036494
528.1713737036494
528.1713737036494
528.1713737036494
528.1713737036494
528.1713737036494
528.1713737036494
528.1713737036494
528.1713737036494
528.1713737036494
528.1713737036494
528.1713737036494
528.1713737036494
528.1713737036494
527.274122255208
527.274122255208
527.274122255208
527.274122255208
526.8329906146729
526.8329906146729
526.8329906146729
