387.4132160884551
385.21682206258856
385.21682206258856
385.21682206258856
385.21682206258856
385.21682206258856
385.21682206258856
384.61019227264376
384.0052082980125
384.0052082980125
382.6042341637113
379.38107491017524
380.6546991697331
380.6546991697331
380.6546991697331
381.4249598544909
380.7886552931954
380.7886552931954
380.1539161971109
380.2959373961284
380.4431626406236
379.81574480266084
379.97105152892897
379.97105152892897
379.3481250777444
380.13155617496426
378.89312477267254
379.6801285292661
379.0646382874562
378.4507894033252
379.2413479566805
378.6304266695956
378.8152584044101
378.8152584044101
378.2089369647417
377.60429022986483
377.60429022986483
377.80021175219053
377.80021175219053
377.2002120890178
377.2002120890178
377.4042925034107
377.4042925034107
376.21536385426896
376.21536385426896
376.4306044943742
376.65103212390113
376.65103212390113
376.65103212390113
376.2937682183961
376.2937682183961
375.71265616159377
375.9494646890723
376.76650594234087
376.19144062564743
376.43857400643736
376.43857400643736
376.43857400643736
376.6908546805988
376.6908546805988
376.12364988125915
376.12364988125915
376.3841123108147
375.8217662669367
375.8217662669367
375.26124233658874
374.7025486969631
375.53295461250804
374.42355695121535
374.42355695121535
373.87163572541846
372.7733896082176
372.22708122865
371.68266034347096
370.59951430081503
370.59951430081503
370.06080581439585
368.4562389212591
367.92526415020757
367.39624385668395
366.34410053936995
365.8209944768069
365.2998768135571
364.2636407878228
364.6066373504465
363.23546082396746
363.07712679264165
362.5713722841339
361.20354372569494
360.70070695799865
360.1999444752872
360.1999444752872
359.70126494078386
359.20467702968455
359.20467702968455
358.71018942873644
358.21781083580976
358.21781083580976
357.72754995946286
357.72754995946286
357.72754995946286
357.2394155185007
357.2394155185007
357.2394155185007
356.7534162415267
356.2695608664877
356.2695608664877
355.78785814021256
356.66510903086663
356.66510903086663
356.66510903086663
356.66510903086663
357.0658202628753
357.0658202628753
357.0658202628753
357.0658202628753
356.59080190044165
357.4716771997468
357.0
356.5305036038291
357.4143253984093
356.9481755101152
356.02247120090607
356.02247120090607
355.10561809129405
355.09012940378955
354.6406632071399
354.1934499676695
354.2033314354906
353.76404565755405
353.3270439691816
352.02982828163863
352.5067375242635
352.1491161425796
351.7328531712669
351.81955602268613
351.51813608973293
351.63901945034485
351.2449287890147
351.9232870953555
352.4656011584677
351.7101079013795
352.82290175100593
353.02266216207704
353.5944004081513
354.1708627202413
354.7520260689148
355.33786738820845
354.99014070816105
356.52349151213025
357.4632848279666
357.1232280320058
359.0055709874152
359.0055709874152
360.8891796660022
360.8891796660022
361.8314524747676
362.7740343519641
364.05082062810953
364.99315062066574
366.27039192378083
367.21247255505904
367.5486362374373
368.8278731332544
369.7688467137274
369.7688467137274
371.38928363645607
372.32915545253775
372.67143705950957
373.6107600163571
373.9545426920229
373.9545426920229
374.8933181586463
375.23859076592856
375.23859076592856
375.23859076592856
375.23859076592856
375.23859076592856
376.17682012585516
376.17682012585516
376.17682012585516
376.17682012585516
376.17682012585516
376.17682012585516
376.17682012585516
376.17682012585516
377.11536696347974
376.4306044943742
377.0331550407736
376.6974913640918
376.9774529066692
376.9774529066692
377.59502115361636
376.9482723133242
377.5764823184834
377.25985739275256
377.27576121452597
377.9219496139381
378.5723180582542
379.2268450413288
379.8855090681928
379.5918861092792
380.2578072834271
380.64287724847816
380.64287724847816
381.3200755271088
381.3200755271088
381.0406802429368
382.00130889828114
382.00130889828114
382.00130889828114
382.96213912082743
382.6865558129786
382.6865558129786
383.64827641995214
383.64827641995214
383.64827641995214
383.64827641995214
384.61019227264376
384.61019227264376
384.61019227264376
384.61019227264376
384.8843982288708
385.84582413186746
385.84582413186746
385.84582413186746
385.84582413186746
386.1217424595512
386.1217424595512
386.1217424595512
386.1217424595512
387.0826785068017
387.0826785068017
387.0826785068017
387.0826785068017
387.0826785068017
387.0826785068017
388.04381195942295
388.04381195942295
388.04381195942295
387.76926128820475
388.45977912777533
388.45977912777533
388.8881587294733
389.85253622363416
389.58952757999026
390.2947604055171
391.0038362983156
391.0038362983156
391.46519640959144
392.1849053699033
392.90838626835136
393.3954753171419
394.1294203684876
394.8670662387533
396.5816435489671
397.32732098359406
399.0513751385904
398.82953752198443
399.80495244556437
400.5621050473946
401.32281270817384
402.2996395722969
403.06451096567656
404.04207701673846
403.832886228945
405.7893542221136
406.7677470006687
407.74624461789955
408.5205013215371
409.49969474958095
410.47898850002053
412.23779545306127
413.2178602141974
414.19802027532677
415.1782749614917
415.1782749614917
417.1390655404981
417.1390655404981
418.1196001146084
419.10022667614965
419.2970307550484
420.277289417356
420.277289417356
421.2576408802575
421.2576408802575
422.2380844973603
422.2380844973603
423.21861962820117
423.21861962820117
424.19924563817887
424.19924563817887
425.17996189848833
424.98588211845345
425.96713488249304
425.96713488249304
425.96713488249304
426.94847464301824
426.75754240552095
426.75754240552095
427.551166528639
428.53354594477196
428.3479893731264
429.14799312125416
429.95116001704196
429.95116001704196
430.75747236699215
431.5669125408017
432.3794629720519
433.1951061588762
434.0138246646067
433.84905209070126
435.6604182158393
435.6604182158393
436.64745504812004
437.47571361162437
438.46322536787505
439.2948895673611
440.2828636229214
441.2708918566916
442.10632205386975
442.10632205386975
443.0947979834564
444.08332551448046
445.0719043031137
445.2235393597243
446.21183310172313
447.2001788908408
447.2001788908408
448.1885763827543
448.1885763827543
449.17702523615344
449.17702523615344
449.17702523615344
450.3176656539248
450.3176656539248
450.3176656539248
451.30588296630924
452.4477870428808
452.4477870428808
453.4357727396461
453.4357727396461
454.4238109958588
454.4238109958588
454.4238109958588
455.411901469428
455.411901469428
456.40004382120736
457.38823771496357
458.3764828173452
459.3647787978525
459.2134579909435
460.2021295039822
460.2021295039822
461.19084986586626
462.03138421540154
462.03138421540154
462.8747130703945
463.8642042667229
463.8642042667229
465.70054756248675
466.5501044903966
466.5501044903966
468.3929973857423
468.3929973857423
469.38363840253317
470.2393007820593
471.2303046282147
472.2213464044166
473.08033144488263
474.0717245312148
475.06315369643227
476.0546187151218
477.0461193637361
477.0461193637361
478.0376554205746
478.0376554205746
479.0292266657641
480.02083288124066
482.0041493597332
482.0041493597332
483.125242561388
484.11672146291335
485.1082353454742
485.2391163127721
486.2303980624823
486.2303980624823
487.2217154438008
487.3540807257081
487.3540807257081
488.3451648168537
489.47012166219093
489.47012166219093
490.4610076244594
490.4610076244594
491.4519305079592
491.5872252205096
492.5779126189074
492.5779126189074
493.56863757738904
493.7053777304841
494.6958661642525
494.6958661642525
495.68639279286253
495.68639279286253
496.6769573877975
496.6769573877975
497.5319085244684
497.5319085244684
497.5319085244684
498.52281793314137
499.5137635741382
499.5137635741382
499.5137635741382
500.5047452322505
500.5047452322505
500.5047452322505
500.5047452322505
501.49576269396334
501.49576269396334
502.4868157474383
503.47790418249735
504.4690277906068
504.4690277906068
506.4513796999669
506.4513796999669
507.4426075922281
507.4426075922281
508.43386983952985
508.43386983952985
509.5576513015971
510.54872441325324
510.54872441325324
511.5398322711536
511.5398322711536
512.6646077115134
512.6646077115134
513.6555265934554
513.7908134640011
513.7908134640011
513.7908134640011
514.78150704935
514.78150704935
515.772236554082
515.9089066879927
515.9089066879927
516.8994099435595
516.8994099435595
517.0377162258088
518.0279915216937
518.0279915216937
519.0183041088243
520.1480558456409
520.1480558456409
520.1480558456409
521.1381774539263
522.2690877316022
522.2690877316022
523.2590180780452
523.2590180780452
523.2590180780452
523.2590180780452
524.2489866466124
525.3808142671371
526.3705918837031
526.3705918837031
528.4931409204854
528.4931409204854
529.4827664806476
530.4724309518828
530.6166224309223
532.5955313368673
533.5850447679358
533.5850447679358
535.7088761631638
535.7088761631638
536.6982392369105
537.8336173948222
537.8336173948222
539.8120043126125
540.8012573949879
541.9372657420784
543.0745805135792
544.063415421401
546.0412072362304
547.030163702149
547.030163702149
548.1678575035205
549.156626109528
549.156626109528
551.2839558702938
552.2725776281129
553.4121429820636
554.4005772002768
554.4005772002768
555.5411775917245
556.5294241996554
556.5294241996554
557.6710499927354
558.6591089385369
558.6591089385369
559.801750622486
559.801750622486
560.9456301639224
560.9456301639224
561.9332700597109
562.0907400055618
563.0781473294803
563.0781473294803
564.224246200037
564.224246200037
564.224246200037
565.3715592422385
565.3715592422385
565.533376557034
566.5200790792856
566.5200790792856
567.6697983863506
567.6697983863506
567.8344829261429
568.8207098902078
568.9868188279936
568.9868188279936
569.9728063688652
569.9728063688652
570.1403336021755
570.1403336021755
570.1403336021755
571.2950201078248
571.2950201078248
571.2950201078248
571.2950201078248
571.2950201078248
572.2805256165896
572.2805256165896
572.2805256165896
572.4508712544684
573.4361341945588
573.4361341945588
573.4361341945588
574.4214480675316
574.4214480675316
575.5779703915014
575.5779703915014
575.5779703915014
576.5630928181234
576.735641347056
576.735641347056
577.7205206672168
577.7205206672168
577.7205206672168
578.7054518492115
578.8790892751266
578.8790892751266
578.8790892751266
578.8790892751266
579.8637771063131
580.0387918062032
580.0387918062032
581.1996214726915
582.3615715343861
582.5409856825527
583.524635298288
583.7054051488644
584.6888061182632
584.8709259315256
585.0546982975181
586.2226539464335
587.205245208181
588.3740306981606
588.3740306981606
588.5618064400713
589.5438914957901
590.714821212402
590.905237749675
591.8868135040685
593.0598620712752
594.0412443593458
594.2339606585945
595.215087174376
596.3899730880794
596.3899730880794
597.3709065563872
597.5658959478862
598.5465729581952
598.7428496441523
598.7428496441523
599.9208281098432
599.9208281098432
601.0998253202208
601.0998253202208
602.0797289396148
603.2594798260529
603.6638137241622
604.8470881140125
605.0528902501004
606.2384019509157
607.6347587161222
607.8461976520048
609.0361237233798
609.250359047904
610.4424624811088
610.8780565710312
612.0735249951593
612.5177548447065
613.7165469498113
614.9162544607192
615.3714325511057
616.8054798718961
618.2442882874051
619.4513701655684
620.896931865507
622.347169994369
622.5889494682667
625.0159997952053
626.2307881284663
627.6941930590086
628.9117585162485
629.1621412640783
630.6346010171025
631.8559962523107
632.1115407900729
633.3348245596479
634.5589019153383
634.8180841784518
636.305744119916
636.5689279253269
637.7977735928529
637.7977735928529
638.0634764660958
639.2941420035069
640.7948189553346
642.2997742487537
642.5729530566938
643.8089778808618
644.0846217695312
644.3616996687497
644.9201500961185
645.8800198179225
646.4433463189175
646.7271449382653
647.2990035524541
648.1674166448048
649.7091657041634
650.0038461424671
651.2549423996719
652.1502894272148
652.4515307668455
654.0107032763302
655.2678841512072
655.5737944732081
657.1407763942213
657.1407763942213
657.7613549000883
658.7116212729209
659.3367879922976
659.3367879922976
659.6514231016257
660.9160309751912
660.9160309751912
661.2329392884175
661.2329392884175
661.2329392884175
661.5512073906298
662.4990566031018
662.818225458534
664.0858378252017
665.3540410939127
665.6763477847173
666.0
667.2705598181295
667.9236483311547
668.5820817222071
669.2458442157113
669.9149199711856
671.8690348572406
672.209044866253
673.8323233564861
674.5205704795073
675.562728397593
676.8493185340442
677.5522120102627
678.2602745259375
678.973489909584
679.6918419401545
680.4153143485235
680.7789655974984
681.1438908189664
681.5100879664218
680.5798997913471
680.9478687829194
681.3171067865535
680.7591350837681
681.1314116967444
680.5776957849853
680.0264700730406
680.7819034022571
680.6181014342772
681.384619726627
681.2341741281041
682.0117301044022
682.2682756804687
683.4566555385937
683.3388617662544
684.1432598513268
684.4457611819946
684.7627326307996
685.5887980415083
685.5107584859628
685.8607730436258
685.8002624671414
686.6512943263124
686.6039615382364
687.0342058442214
686.0962031668737
686.06778090798
686.5056445507204
685.5902566402181
685.1364827536189
684.2368011149357
683.7909037125311
683.3476421266118
682.0153957206538
682.0337235063968
680.2543641903372
680.2830293341148
680.2830293341148
679.856602527327
679.4328517226702
679.0117819301812
678.5933981405949
678.1777053250865
677.7647084350143
677.4215821775979
677.4961254501756
677.0974819034553
678.5425557767177
678.6376057956116
678.7400091345728
678.8497624658935
679.8360096376184
679.9588222826438
680.0889647685808
680.0889647685808
680.2264328883434
679.8661632998071
680.3712222015273
679.1538853603063
678.8018856779937
678.45265125873
678.1061863749659
678.2779666184064
678.2779666184064
677.9387877972465
677.083451282041
676.748106757603
676.4155527484565
676.937958752499
677.135141607641
676.8116429258587
676.4909459852364
677.0206791524171
676.1730547722233
676.3911590196903
676.3911590196903
676.0806164948083
675.772890844254
676.3105795416777
675.1659055372983
675.1659055372983
674.026705702378
673.1871953624786
672.893007840028
671.764839806312
670.0925309239016
668.9730936293328
668.1392070519437
665.3638102572156
664.2604910725912
662.6024449094646
660.6814663663572
659.0295896240168
657.9460464202213
656.0464922549315
654.404309276765
651.9447829379418
650.3076195155644
649.2495668077107
647.6179429262287
645.9883899885508
644.1311978160971
641.6977481649752
639.8577967017359
638.2429004697193
637.2228809451211
634.0070977520678
633.204548309628
630.600507453015
629.0031796422018
627.4081606099812
625.0199996800102
623.2463397405555
621.6622877415036
619.2907233279052
616.1371600544801
615.3503067359275
613.7784616618605
612.993474679788
611.4253838368178
611.4253838368178
609.077991721914
608.2968025561206
606.1105509723453
605.3304882458838
604.5510731112798
601.5878988144625
600.0333324074588
598.6267618474803
597.074534710701
594.8924272505072
593.3439137633418
591.9366520160751
590.3905487048382
588.0765256325064
585.1290455959266
583.5923234587651
581.2925253261046
579.7628825649327
577.5898198548863
575.302529109685
573.7813172280883
571.5050305990316
570.747755142322
568.4804306218465
565.5616677251031
564.0567347350797
561.8941181397079
561.1434754142651
556.8213357981176
556.0728369557355
553.9133506244456
552.5015837081374
550.3426205555953
548.1842755862302
546.0265561307435
544.6145425895272
543.1252157652045
540.9695000644676
540.2268042220786
538.0724858232393
536.6600413669719
534.506314275145
533.0262657693333
531.6135814668395
530.8747498233458
529.4619910815129
527.3111036191065
525.1609277164476
523.6888389110464
521.5409859253633
520.1278688937942
517.9806946209482
515.8342757126557
513.688621637661
511.54374202017175
510.13037549238334
507.98622028555064
506.5727983222155
504.4293805876101
503.0159043211258
501.6024322110091
499.50575572259424
498.0923609131142
496.6789707648191
494.5836632967167
492.4895937986913
491.8099226327179
489.0408980852215
488.3646178829912
485.6027182790475
484.92989184004733
482.17527933314875
480.8378104933097
478.75881192934713
477.42852868256625
476.1029300476946
474.78205526325445
472.05508153180597
469.9882977266562
467.92307060028577
466.6176164698457
464.5567780153466
463.25910676423837
461.202775360253
459.7934318800128
457.73900860643283
455.6862956025779
455.04395392093716
452.3549491273418
451.0798155537443
448.4027207767589
447.77003026107053
446.5086785270808
443.8468204234429
442.5968820495689
440.56895033581293
438.70947106257006
438.092455995307
436.2499283667563
434.2361108889955
433.2078023304751
431.80666970300496
431.40004636068363
430.0
428.8029850642367
427.61197363965385
427.0187349519925
426.42701602970703
426.64505153581706
425.4715031585547
424.30413620420904
423.72278673680034
423.14300183271376
421.98815149243234
420.83963691648626
419.9523782525823
418.2594888343838
417.1390655404981
416.58132459341
415.47081726638754
414.36698710201324
413.26988760373047
412.1795725166399
411.0960958218893
410.55693880386434
409.48382141422877
408.9498746790369
408.4176783637065
408.4176783637065
407.8872393198885
407.8872393198885
407.8872393198885
407.35856441223865
407.35856441223865
406.831660518205
406.3065345278119
406.11574704756276
405.59709071934924
405.59709071934924
404.5651987010252
404.5651987010252
403.54058036336323
403.0310161761747
402.5232912515747
402.01741255821247
401.5133870744536
401.3776276774778
400.38481489686893
400.7617746242773
400.2711580916117
400.65571255131255
400.16996389034495
400.5621050473946
400.0812417497226
400.48096084583096
400.88527037046396
400.4122875237472
400.8241509689754
400.8241509689754
401.24057621332366
401.66154906836675
401.19945164469004
401.6279372752847
401.6279372752847
401.6067728512556
402.0472609034913
402.0472609034913
402.49223594996215
402.4984472019737
402.5170803829323
402.981389148432
402.54813376787627
403.01985062773275
403.0707133990263
403.55420949359456
403.55420949359456
404.04207701673846
404.534300152657
405.0308630215727
405.0308630215727
405.5317496818221
406.0369441319349
406.9508569839852
407.4616546375867
407.060192109226
408.49602201245483
409.0195594345092
409.93901985539264
411.0012165432117
411.92353659386833
412.4621194728069
413.0048425866215
413.5516896350443
414.47798494009305
415.03011938894264
416.51530584121394
416.1466087810881
417.0767315494836
417.6421913552317
417.6421913552317
419.1443665373543
419.71895358680194
419.71895358680194
420.880030412468
420.880030412468
421.46648739846444
422.9952718411874
423.59060423951803
424.53032871633565
425.13056817876554
425.73465914816
426.67669259053747
427.28561876103436
427.28561876103436
427.8983524156175
427.8983524156175
429.4601262049831
430.08138764657093
431.02784132814435
431.65379646193315
432.601433192263
433.23203944306795
434.18083790052276
433.8663388648628
435.454934522506
436.0974661701212
436.0974661701212
436.74363189404374
437.69624170193646
438.34689459376807
439.00113895068654
439.65895873961216
440.3203379359168
440.98526052465746
441.3671940686122
443.00112866673373
443.00112866673373
443.6800649116433
444.3624646614518
444.0867032461116
445.04831198421596
445.7375909658058
446.4302857109943
447.3935627610214
447.3935627610214
448.35700061446573
448.35700061446573
449.0545623863541
450.01888849247206
450.98336998164353
452.9127951383136
453.8777368411013
454.84282999735194
455.80807364503755
456.7734668301126
459.67053418725897
461.6026429733695
463.5353276720125
464.5018837421437
466.4354188952636
468.369512244339
469.3367660859311
471.98834731378696
472.95665763365673
474.6461840149987
475.6153908359148
476.58472489159783
479.2504564421405
480.22078255735664
480.95114096964153
482.89336296950694
484.8360547649071
485.8075750747409
486.7792107311075
488.72282533149604
489.69480291299806
491.6390952721315
491.6390952721315
492.61140871888057
492.61140871888057
493.5838327984416
494.78985438264596
495.7620396924315
495.7620396924315
496.73433543494855
497.94075952868127
497.94075952868127
498.9128180353758
499.88498677195736
499.88498677195736
500.8572650965542
502.06374097319554
502.06374097319554
504.0079364454492
504.74746160827794
505.7202784148565
507.66622893393253
508.63936143401247
509.6125979604507
510.585937918388
511.5593807174295
512.5329257716035
515.4541686706976
517.6292109222585
518.6029309597084
520.5506699640296
521.7518567288477
522.7255494042739
524.9009430359217
525.8745097454334
528.0501870087729
530.2263667529181
531.4301459270071
532.4030428162483
534.5802091361033
535.5529852404895
536.7578597468322
537.7304157289227
539.9083255516625
540.1425737710368
541.350163941972
543.2936590831887
544.5016069765084
544.5016069765084
545.7105459856901
545.7105459856901
546.920469538305
548.8624600025037
549.8336111952415
551.0435554472986
552.0144925633747
552.9855332646597
554.1958137698263
555.1666416491538
557.3481856075249
557.3481856075249
557.3481856075249
558.5597550844493
559.7722751262338
560.0160711979612
560.985739569198
561.9555142535751
562.4464418946927
563.6630198975271
563.6630198975271
565.3830559894769
566.6039180944657
568.0818602983201
568.0818602983201
569.3057175191551
570.7906796716288
571.0525369876225
572.2805256165896
573.5093721989206
573.7752173107514
575.0060869243038
576.2377981354573
577.2010048501302
578.4332286444132
579.6662833044544
580.9001635393125
582.1348640993768
583.3703797760047
584.6067054011611
585.8438358470626
587.3601961318114
588.6000339789321
589.8406564488413
591.0820586010034
591.6502345136018
592.8945943420298
593.1820968303073
594.718420767341
596.2591718372138
596.8492271922617
598.1011620119125
598.3995320853786
598.6994237511842
599.9541649159543
600.5605714663593
600.8660416432268
602.432568840696
603.0530656584045
604.3153150467064
605.2602745926747
605.5782360686355
605.8976811310636
606.8648943545837
608.4619955264257
609.1190359855781
609.4497518253659
609.7819282333644
611.3926725108831
611.72869803533
612.4050946881484
614.0268723761201
614.7137545231927
615.7548213371942
616.4560000519097
617.1628634323358
618.8093405888441
619.1671825928761
619.8870864923708
620.612600581071
620.9774553073565
622.6411486562705
623.3794991816783
624.4973979129137
624.872787053493
626.5532698821386
627.3125217943605
628.077224551249
628.4616137840083
628.8473582674893
629.6229030141772
629.6229030141772
630.403838820799
630.7963221199059
631.190145677196
631.5853069855251
631.0641805711999
631.8623267769649
632.1550442731593
631.6470533454581
632.8736050745046
632.3740981412822
632.2926537608989
633.1271594237606
633.060028749249
633.9061444725079
633.8532953294476
634.2814832548717
634.2397023208181
634.6723564170729
634.641631158877
635.0787352761861
635.0590523722971
635.943393707333
635.4919354327009
636.3851035340158
636.8335732355824
636.8422096563638
637.295065099362
637.3146789459662
637.771902799112
637.3421373171556
636.9152219879817
637.3774391990981
636.4911625466609
636.0699647051415
635.651634151915
635.2361765516822
634.8235975450189
633.9416376923036
634.0070977520678
634.0070977520678
632.7242685404125
632.8040771044384
632.408886718079
631.1418224139484
631.6272635027718
630.3681464033538
630.8573531314349
630.0991985394046
630.0991985394046
629.3528422117437
628.984101547885
628.6183261725671
628.2555212650343
627.3914248696742
627.8956919743915
627.5388434192739
627.1849806875161
625.974440372768
625.6276848094241
624.4269372792945
623.2318990552393
622.8964600958975
621.7113478134366
621.0579683089172
620.7358536446884
619.5692051740467
618.7220700767025
617.562952256691
616.4097663080947
615.262545585216
614.9617874307313
612.9861336115198
611.857009439297
611.5692928851154
609.899171994847
608.7840339562134
608.506368085002
606.5723369887552
604.6486583132389
602.9958540487654
601.9111230073755
600.832755431992
599.1894525106396
597.5483244056501
596.4838639896304
595.6660138030371
594.0319856708054
592.4002025657993
591.5851587049831
589.956778077852
588.330689323615
586.7069114984074
585.0854638426766
583.6891295886878
582.8790612125298
581.2606988262668
579.055265065434
576.6333323698865
575.0217387195027
573.4125914208721
571.210118957989
570.4068723288667
568.8022503471659
566.4000353107334
565.0
563.4012779538222
562.6028794807222
559.6070049597306
558.0143367333853
555.8174160639445
555.0225220655465
552.826374189944
551.2395123718909
549.8372486472701
547.6422189714741
546.239874048023
544.8375904799522
543.4353687422268
541.2402424062719
539.8379386445529
538.435697182124
537.0335185069922
534.8382933186441
532.8273641621646
531.4254416190478
529.2296288002024
527.2200679033377
527.2200679033377
525.8184097195533
525.0238089839355
523.6220010656542
522.220260043595
521.0086371644908
519.607544210051
518.2065225371059
517.6031298205219
515.6006206357786
515.0
513.0009746579435
512.4031615827521
511.00391387933615
508.4142012178653
507.82083454698864
506.63793778200227
504.65136480544663
503.2544088232114
501.27038611910837
500.6845314167395
498.70432121649
496.72628277553423
494.75044214229865
491.9613805981116
489.9887753816408
487.201190474736
485.8075750747409
483.0207034900264
481.0530116317743
479.6602964599009
477.4484265342174
476.8752457404347
475.482912416419
474.09070862019644
472.69863549623244
470.73665674132496
469.91488591020396
469.34528867348826
467.95405757403154
467.38634982207174
466.2552948761011
464.86557196677836
464.3027029858861
463.7413071961565
463.1813899543029
462.34294630717574
461.23854999338465
460.9772228646444
460.4313195255075
459.88694262829426
459.64442779174425
459.1056523285245
458.87797942372436
457.28328200361756
456.75485766437123
456.5544874382465
455.5107023989667
455.3295509847785
454.81424779793343
453.7884969895116
454.138745319093
453.1247068964569
452.62014979450487
452.9823396116012
452.48204384262584
452.85096886282577
452.3549491273418
451.8605979724278
451.8605979724278
452.2388749322641
451.7488240161783
452.133829745132
452.133829745132
452.5229275959396
452.0398212547209
452.91610702204
452.4356307807775
452.83551097501174
453.71466804589863
453.2394510631218
453.64744019998614
453.1247068964569
453.54602853514217
453.97136473570663
453.9438291242651
453.4886988669067
453.9273069556402
453.47657050833396
453.4754679141971
453.9273069556402
453.9438291242651
453.9438291242651
453.07063466969475
453.5383115019061
453.5383115019061
454.00991178607546
454.48542330860295
454.059467470947
454.9648338058668
454.9648338058668
454.5415272557613
455.02747169813824
455.9353024278774
455.51728836565576
456.4263357870578
456.4263357870578
456.4263357870578
456.92121859243963
457.83184686083166
457.41993834987125
457.92248252297026
458.8354824989018
459.34300909015695
458.93899376714546
459.85432475948295
460.36941688170384
460.8882727950452
462.3299687452675
462.85742945317406
463.38860581589614
463.9234850705448
465.0043010553773
465.5502121146547
466.0997747263991
467.58100902410484
468.13886828589654
469.63070598077377
470.1967673219373
472.06037749423535
472.6319921461094
473.56520142426007
475.43243473705076
476.0105040857817
477.88073826008093
479.40066750057827
480.33738143101044
481.27435003332556
482.2115718229914
482.8022369459363
484.67927539765924
485.61816275753114
487.15500613254505
488.0952775842028
489.03578601161695
489.97653005016474
490.9175083453431
491.5221256464453
491.5221256464453
493.4065261019558
494.01619406655084
495.90321636383845
496.5178748041202
498.4074638285426
499.02705337486464
499.97299927096066
500.9191551538032
501.5436172457985
502.49079593560714
503.43817892567506
504.0674558032883
505.01584133569514
506.91320756121553
506.91320756121553
507.8621860308168
508.8113599360769
509.7607281852928
511.02446125405777
512.9229961699904
513.2377616660723
514.1867365072732
515.135904398053
516.4000387296654
517.3490117899134
518.2981767284157
519.5623158005207
520.8272266308666
521.7758139277826
521.7758139277826
523.0411073711128
523.9895037116679
524.938091587951
526.2033827333306
527.4694303938381
528.4174486142562
528.4174486142562
529.6838679816481
530.6316990154282
531.8984865554704
532.8461316365166
534.1132838640133
535.3811726237672
537.9191389047243
538.865474863625
540.135168268092
541.4055781020362
543.6221113972463
545.8388040438313
547.1105921109552
548.0556541082301
549.3277710074378
550.2726596879041
550.600581183856
552.4898189107198
553.7625845071153
554.7071299343465
555.0360348662058
555.9802154753351
557.253981591877
557.253981591877
557.5849711030597
558.8604476969183
558.8604476969183
559.5292664374224
559.5292664374224
561.145257486865
561.4846391487482
562.1681243186953
562.5122220894405
562.8578861488928
563.5539015923854
563.9042471909571
564.6095996350044
564.9646006609618
564.7459605875902
565.1061847122185
565.4679478095995
566.562441395474
567.2997444032563
568.0431321651553
567.8661814195312
568.2437857117313
569.0035149276321
568.8462006553265
569.2319386682374
570.0078946821702
569.4778309995921
570.2639739629359
570.6592678648092
570.138579645335
570.5374659038615
570.9378249862239
571.7429492350561
571.6406213697553
572.458732137086
573.6967840244531
573.6209549868275
574.0400682879201
575.3060055309696
574.8260606479146
575.6813354625978
575.2086577929787
575.6405128202844
576.0737799969722
575.6083738098326
576.0451371203476
575.5849198858497
575.127811881846
575.570152110062
574.6738205277843
574.222953215909
573.7752173107514
573.7752173107514
573.330620148619
572.4377695435549
572.4377695435549
571.9973776163663
571.105944637245
570.2148717808051
569.3241607379754
569.3241607379754
568.4338132095944
567.5438309064772
566.6542155494831
564.8760926079276
563.9875885159177
563.0994583552714
562.2117038980957
560.4373292349467
559.0885439713463
558.2015764936534
556.4287914908789
554.6575520084442
552.4219401870276
551.5369434589128
549.301374474887
548.4168122878801
547.0658095695618
546.1812885846604
544.8302487931447
543.4795304332997
542.5946921966708
541.2439376103903
539.8935080180164
539.0083487294052
538.5434058643741
537.6578837885668
536.3077474734073
536.3077474734073
534.9579422721005
534.9579422721005
533.6084706973832
533.6084706973832
533.1463213790375
532.6856483893667
531.7978939409219
531.3379338989454
530.449809124294
529.1020695480221
528.6435472035954
527.7546778570513
527.2968803245474
525.950568019467
525.950568019467
525.950568019467
524.6046130182235
524.1497877515549
523.2590180780452
523.2590180780452
521.9137859838538
521.4604491234211
520.1163331409618
519.2244216136218
518.7725898695883
517.4292222130482
517.4292222130482
516.9796901233161
516.9796901233161
515.6374695461919
515.6374695461919
514.7445968633376
514.7445968633376
513.8491996685409
513.8491996685409
513.8491996685409
513.4043240955417
513.4043240955417
513.4043240955417
513.4043240955417
513.4043240955417
513.4043240955417
513.4043240955417
513.4043240955417
513.4043240955417
513.4043240955417
513.4043240955417
513.4043240955417
514.7445968633376
515.190256119038
515.6374695461919
515.1931676565597
515.6442572161548
515.6607411855201
516.1172347442003
515.6869205244593
516.1472658069594
515.7227937564909
