664.7119676972877
616.4778990361293
616.2572514786337
616.2572514786337
615.0203248673981
614.6039375077254
613.401173784335
612.2172816900876
610.4424624811088
608.6788972849314
607.0996623290117
606.31097631496
606.31097631496
606.31097631496
606.31097631496
605.6277734714616
604.400529450463
604.6040026331284
605.4064750231864
605.0206608042406
606.8475920690466
608.6854688589173
610.3064803850604
611.7025420905164
612.2883307723577
612.8751912094338
613.4631203259084
558.9508028440428
613.244649385545
560.0642820248404
613.6220335027092
614.0073289464874
560.290103428572
614.4005208331125
614.8015940122472
614.8015940122472
383.40187792967316
384.44375401350976
384.44375401350976
384.44375401350976
384.44375401350976
385.0324661635691
386.00518131237567
385.8004665627039
386.4000517598309
386.20331433067736
386.61867518266627
387.227323416104
387.04650883324086
386.87077946001557
387.48677396783495
386.53460388430943
387.15629918677547
386.3741709793759
386.84622267769396
386.06864674562735
385.923567562283
385.78361810735305
385.0116881342695
384.8792018283139
385.5191305240247
384.75186809163125
384.6296920415791
384.6296920415791
383.8658619882732
383.8658619882732
383.8658619882732
383.8658619882732
383.10311927730373
383.10311927730373
381.69359439215117
381.0472411657116
381.0472411657116
379.63798545456433
378.9934036365277
378.35036672375514
378.35036672375514
377.068959210381
377.068959210381
376.4306044943742
375.15863311404684
375.2998800959041
374.6691874173802
373.41264038594085
373.5679322425842
372.9450361648483
371.8736344512743
371.25866993243403
371.43640101637857
371.61942898616053
371.01212918178294
371.2034482598458
371.2034482598458
371.4000538502923
372.2002149381432
371.6019375622253
371.6019375622253
372.40435013570936
373.2077169620157
373.2077169620157
372.61374102413345
372.61374102413345
372.61374102413345
373.4193353322776
373.4193353322776
373.4193353322776
373.4193353322776
373.4193353322776
373.4193353322776
373.4193353322776
372.61374102413345
373.2077169620157
373.2077169620157
373.001340480165
372.2002149381432
372.8002145922129
372.0013440835933
372.6043478007201
371.8077460193642
371.8077460193642
371.8077460193642
371.01212918178294
371.01212918178294
371.01212918178294
370.2175036380641
370.2175036380641
370.2175036380641
370.2175036380641
369.42387578498494
369.42387578498494
369.42387578498494
369.42387578498494
369.42387578498494
368.81567211820055
368.81567211820055
368.81567211820055
368.81567211820055
368.2091796791601
367.6044069376753
367.6044069376753
367.6044069376753
366.4000545851488
367.2002178648591
367.2002178648591
367.40440933663274
366.8092147152249
366.8092147152249
367.23970373585695
367.23970373585695
367.4629232997528
366.87872655688284
367.1103376370652
367.3472471654034
367.589444897429
367.8369203872825
367.26693289758606
367.52278840909986
367.2220036980355
366.6619696668854
366.6619696668854
366.10381041447795
366.3795845840759
366.3795845840759
365.8264615907384
365.8264615907384
365.8264615907384
365.8264615907384
365.2752386899501
364.4406673246003
364.4406673246003
364.4406673246003
363.8900932974131
363.8900932974131
363.8900932974131
363.8900932974131
363.3414372184929
363.3414372184929
363.3414372184929
363.3414372184929
363.3414372184929
363.3414372184929
363.3414372184929
362.7947077894053
362.7947077894053
362.7947077894053
362.7947077894053
363.633056803146
363.633056803146
363.0895206419486
363.92993831230757
364.2320688791694
365.0753346913483
365.3847287449217
365.6993300513415
366.5474048469038
366.86918649567724
367.1961328772404
368.0489097932502
368.38295291720544
368.2078217528791
368.5552875756906
368.9078475717208
369.6281915655244
370.86385642173326
370.7465441511222
372.3922662999327
372.7868023414992
373.18628056240226
374.88264830477283
375.2985478255944
375.71931012392747
375.6860391337426
376.575357664306
376.5580964472813
376.10769734213096
376.554112977139
377.0053050024628
376.5634076752546
376.12364988125915
376.1515651967967
375.71931012392747
375.71931012392747
375.7658845611187
375.3411781299782
374.918657844605
374.49833110442563
374.49833110442563
374.080205303622
373.6642878306676
373.2505860678587
373.2505860678587
373.2505860678587
372.4298591681392
372.4298591681392
372.4298591681392
372.02284876066415
372.02284876066415
371.6180835212409
371.6180835212409
371.21557079411417
371.21557079411417
371.7324306540929
371.7324306540929
371.7324306540929
371.7324306540929
371.33542788158525
370.9406960687921
371.860188780676
371.46870662277865
371.07950630558946
371.61539257678766
371.775469873955
372.3237838226293
372.50503352303843
373.06567786383135
374.20048102588004
373.84087523972016
375.3531670307312
376.52357163927996
377.4612562899668
378.05422891431857
378.31204051681993
378.9168774282824
379.85918443549576
380.1394480976685
381.08398024582453
381.7027639407396
382.0052355662158
382.6355968803739
383.27013971871065
383.90884334695915
384.55168703309573
384.8960898736177
385.55025612752485
386.20849291542
387.5370949986594
388.49453020602493
388.20741878537046
389.8409932267257
389.8409932267257
390.5201659325674
391.2032719699568
392.16450629805854
392.16450629805854
392.8523895816341
392.8523895816341
392.8523895816341
393.54415254199876
393.54415254199876
394.50728763864424
394.23977475642914
395.2037449215278
395.2037449215278
395.9040287746514
395.9040287746514
395.6425154100605
396.60811892849597
396.3495931624
397.3159951474393
397.0604487984166
397.0604487984166
397.0604487984166
397.77506206397607
397.52484199103833
398.4934127435484
399.2154806617599
399.9412456849131
400.67068772247364
400.67068772247364
402.3754465670091
403.11288741492746
404.82712359722143
405.5724349607601
406.5464303127012
408.0490166634396
408.0490166634396
409.78164917428893
410.7578362003578
411.7341375208036
411.5191368575707
413.4730946506677
413.4730946506677
414.2390614126099
415.21681083501426
415.00843364924526
415.98677863605235
416.96522636785915
416.96522636785915
417.94377612305703
418.7182823808867
419.697510118895
420.676835587604
421.6562581060549
422.43579393796637
424.39604145184956
425.376303994475
426.16076778605515
428.1226459789297
429.1037170661657
429.89300994549797
430.8746917608413
431.8564576337837
432.83830699234557
433.82023926967724
434.6147719532782
435.59729108432253
436.5798895963945
436.3954628545077
438.3617227815403
439.3449669678714
439.3449669678714
441.13149966874954
442.11536955867075
443.09931166726045
444.890997885999
446.86015709615464
448.8295890424338
449.81440617214565
451.6126658985552
452.59805567412684
454.4007042248064
454.4007042248064
456.3726547460967
457.3587213555679
457.3587213555679
459.1666364186318
459.1666364186318
460.15323534666146
461.1398920067532
461.1398920067532
462.12660602912706
463.11337704713304
464.1002046972184
465.0870886188951
465.91415518311953
466.9014885390707
467.88887569592845
468.87631631380145
469.8638100556373
469.8638100556373
470.85135658719304
472.826606696366
473.8143096192853
473.8143096192853
473.8143096192853
474.8020640224724
474.8020640224724
475.7898695853034
475.7898695853034
476.77772598979493
476.77772598979493
477.7656329205775
477.7656329205775
478.7535900648683
478.7535900648683
478.7535900648683
479.7415971124455
479.7415971124455
480.72965375562177
480.72965375562177
481.8723897464971
481.8723897464971
483.84811666472365
483.84811666472365
483.84811666472365
485.8240422210494
485.8240422210494
486.81207873264606
489.77647963127015
490.9185268453412
492.89451204086254
493.88257713752165
494.8706901807784
497.83531413510633
498.8236161209692
498.8236161209692
501.78880019386645
501.9412316197983
502.9294185072096
503.9176520027851
504.9059318328514
505.8942577258611
508.02362149805595
509.0117876827608
510.0
510.988258182123
511.97656196353364
514.1060201942786
515.0941661482879
515.0941661482879
517.0705947933996
518.2123117024527
519.2003466870954
520.1884273991493
520.1884273991493
521.1765535785354
521.3309889120346
522.3188681255924
522.3188681255924
523.4625105965088
523.4625105965088
524.450188292463
524.450188292463
524.6074723066762
525.594901040716
525.594901040716
525.594901040716
526.7409230352242
526.7409230352242
527.7281497134675
527.7281497134675
528.7154244014449
529.8622462489661
529.8622462489661
530.849319487178
531.8364410229897
532.8236105879694
534.7980927415505
535.9449598606185
536.9320254929854
539.8935080180164
540.8807632001715
541.8680651228674
544.9889907144914
546.9634357066293
548.1103903412159
549.0974412615669
550.2453997990351
551.2322559502483
552.3812089490373
553.3678704081038
554.3545796690057
555.5042754110899
555.5042754110899
556.6551895024423
557.6414618731286
558.7933428379404
558.7933428379404
559.9464260087746
561.1007039738945
561.1007039738945
562.2561693747789
563.4128149057315
563.5858408441433
564.5706333134942
564.5706333134942
565.7296173968621
565.905469137735
565.905469137735
567.0670154399743
567.0670154399743
567.2459783903277
567.4266472417382
568.4100632465967
568.592120944355
569.575280362482
569.7587208634898
569.7587208634898
569.9438568841672
570.9264400953945
571.1129485487087
572.2831467027489
572.2831467027489
573.4544445725397
574.6268354332227
574.8191019790487
575.99392357906
576.9748694700662
577.1698190307598
578.5447260151975
579.5248053362341
579.7240722964676
580.9044671888829
583.0651764597162
584.2473791126495
586.4094132941592
587.5933968315164
589.55067636294
592.692162931146
593.8770916612292
595.8338694636283
597.9974916335352
598.9757924991627
600.1616448924407
602.32632351575
603.3042350257456
603.5138772223884
604.7024061470237
605.6797833839264
605.6797833839264
605.8919045506385
607.0823667345313
607.2972912832726
608.4899341813306
608.7076473973364
609.1477653246378
609.1477653246378
609.3701666474984
610.0467195223657
610.2753476915154
610.5055282304985
610.970539387948
611.4417388435304
611.6796547213255
610.9484429966247
611.189823213705
611.432743643976
610.7077860974101
610.9541717674084
611.2020942372499
611.4515516375766
611.4515516375766
610.9877249176124
611.2421778640606
611.4981602588841
612.0147057056718
612.2752648931688
612.8009464744649
613.0660649554826
613.3326992750345
613.6008474570419
613.8705075176686
615.1040562376418
615.37630763623
615.37630763623
616.6117092628067
616.6117092628067
616.8865373794439
618.1237740129399
619.0848084067319
620.3224967708329
621.2833492054974
622.5214855729881
624.4429517578047
625.4038695115341
626.6418434799898
627.6025812566421
628.8409973912325
630.7622372970659
630.7622372970659
632.0007911387453
633.2400808540154
634.2002838220747
634.4801021308706
635.7208506884134
636.0031446463138
637.2456355284044
637.5303914324398
637.8165880564726
638.3932957041451
638.683802832043
638.97574288857
639.2691139105658
638.60864385005
638.9053137985316
639.5029319713867
639.8038761995741
639.8038761995741
639.4575826432899
639.4575826432899
639.7632374558576
640.378794152336
639.4278692706473
639.4278692706473
640.0499980470275
640.0499980470275
640.3631782043686
639.7288488101815
640.0453108960334
640.3631782043686
640.6824486436319
641.0031201172113
641.3251905234972
641.9735197031105
642.919123996168
643.2448989304152
644.5168733245081
644.5168733245081
645.7894393685917
646.1184102004833
646.1184102004833
647.7237065292577
648.6670948953708
649.9423051317709
649.9423051317709
651.2180894293401
652.4944444207936
652.4944444207936
653.7713667636416
655.0488531399776
655.9908535947739
657.268590455987
658.8846636551802
659.8257345693634
661.4446310916735
663.0671157582767
664.0067770738489
664.6931622937008
665.976726320072
666.3227446215535
667.0187403664158
667.3687136808257
667.4915729805134
667.8472879334017
667.2705598181295
667.0569690813521
666.4870591391854
665.9196648245193
666.460801547998
666.2769694353843
666.1005930037895
666.6940827696013
666.0030029962328
666.7803236449018
666.1178574396575
666.5133156959432
665.9924924501777
665.3608043760919
664.8496070541066
664.2439310976051
664.1543495302881
664.9819546423797
664.417037710503
663.9307192772451
663.8712224520656
663.8192525077892
663.7748112123569
662.872536767062
662.837084056105
662.837084056105
663.7085203611598
663.7085203611598
664.1460682711296
664.5848328091757
665.0248115672076
665.4660021368485
665.9084021094793
667.6922943991491
668.137710356181
668.5843252724371
669.9261153291459
670.374522188903
671.7172023999385
672.1673898665421
672.1673898665421
673.9629069911786
673.9629069911786
674.8703579206898
675.7610524438354
676.2159418410661
676.6720032630285
676.2403418903667
676.2403418903667
676.6993423966068
677.1595085354705
676.7340688926486
676.3113188465798
676.7761816139808
675.9423052302615
676.4118567854943
676.0007396445658
676.5419425283254
676.1397784482141
675.7403347440494
675.8254212442737
676.4037255958899
675.6345165842255
674.7629213286693
674.3834220975483
674.50129725598
674.1290677607664
672.3942296004628
672.164414410641
671.4469450373574
671.0923930428656
670.0455208416813
669.7021726110794
670.2178750227422
669.5431278117937
669.2099819936938
669.403465781288
669.9283543782873
669.6043607982253
670.132076534171
669.8126603760189
669.8126603760189
669.8126603760189
669.8126603760189
669.4960791520739
670.0283576088403
670.0283576088403
670.0283576088403
670.5617048415455
669.716357871002
670.251445354652
670.251445354652
669.9440275127467
669.9440275127467
669.9440275127467
669.639455229454
670.1790805448943
669.3377323892626
669.0388628472938
668.7428504290718
668.7428504290718
667.6121628610432
666.7750745191365
665.6515605029406
666.2019213421709
665.3675675895241
663.9766562161655
663.1455345548216
662.872536767062
661.774130651841
660.9462913126905
659.8552871652996
659.8552871652996
659.5945724458321
658.5134774626864
657.6906567680584
656.6170878068891
654.9763354503733
654.1567090537252
653.0941739136861
650.6435275940274
650.4067957824549
647.9645052007093
647.9645052007093
646.3389203815595
646.1114454952799
645.3007050980186
644.4904964388536
644.4904964388536
643.6808215256999
642.8716823752621
642.2842050058525
641.4748631084464
640.6660596597887
639.8577967017359
638.2429004697193
638.2429004697193
636.0385208460254
635.2322409953701
633.834363221181
632.2230619014147
630.0198409574099
629.215384427304
627.0127590408348
626.2092302098397
624.0072114967903
622.608223524232
622.608223524232
620.4063184720155
619.0072697472947
617.608290099801
615.4063698077881
614.6039375077254
613.0008156601425
610.0
609.2002954693965
606.2021115106743
605.4039973439224
603.0132668523969
602.2175686577069
601.4224804577893
599.8341437430851
598.4321181220139
597.6386868334412
596.0536888569686
595.2621271339207
593.6808907148688
591.3137914846905
590.356671851856
589.5710304959022
588.0017006778127
586.4349921346782
585.0299137650998
584.2473791126495
582.6843056063892
581.9037721135686
581.9037721135686
581.1239110551209
580.4980620122689
578.9386841453937
578.9386841453937
577.5326830578508
576.7538469745997
574.569403988761
573.1631530375971
572.3853597009623
570.9789838514199
569.4251487245712
568.0184856146849
566.6118600947212
565.0601737868278
563.6532622100221
561.4712815451918
560.0642820248404
559.2897281373939
557.8826041381825
556.4755160831427
555.8435031553396
554.4366510251645
553.0298364464616
553.0298364464616
549.5862079783299
548.1797150570239
547.5509108749615
545.3668490108287
543.9604765054168
541.9261942368167
539.7416048443922
538.3353973128648
536.1510981057486
534.7447989461889
533.1903975129335
531.7837906518024
531.7837906518024
529.6007930507658
528.1940931135069
527.4182401093083
526.0114067204247
526.0114067204247
523.8291706272189
523.8291706272189
523.0544904692053
521.6473904851821
520.2403290787826
519.4660720393586
515.8778925288425
515.1048436968924
513.6973817336428
511.5173506343651
510.74553350959417
508.7022704883476
506.5224575475405
505.1148384278569
503.07255937886333
501.66522701897526
499.62485926943225
497.5861734413447
497.5861734413447
495.54919029295166
495.54919029295166
494.1426919423174
493.5139309077303
492.88639664734103
490.854357218106
490.854357218106
490.2295380737477
488.362570228309
487.7427600692808
486.506937257836
484.6627693561782
483.2597645159382
482.0373429517676
481.42808393362344
479.60817340825207
479.60817340825207
478.40150501435505
477.8001674340435
477.20016764456403
475.800378310064
475.2020622850873
473.2060861823313
472.6108335618218
471.4244372113096
469.22063040748753
467.2312061495893
465.2440219927603
463.84695751939563
462.4499972970051
460.2445002387318
458.0392996239515
456.64209179618996
454.4370143375207
453.0397333567995
451.64255778214704
450.8347812669293
449.4374261229254
448.63013719544074
448.63013719544074
447.23260167389407
447.23260167389407
446.64303420069143
446.64303420069143
445.24599942054505
445.24599942054505
444.65829577328253
444.07206622349037
444.07206622349037
442.90405281505383
442.3222806958745
441.4034435751493
440.25560757360034
439.3688655332783
438.80291703679455
437.67567901358194
437.10410659246844
437.38541356565605
436.3312961500699
435.79123442308935
435.34124546153447
434.6078692338647
434.234959440163
433.55507147304826
432.53901558125364
432.3944958021552
431.89350539224364
431.39425123661533
430.89673937035076
429.4147179592241
428.92423573400464
427.948595043844
426.5887949770833
425.62189793289537
424.26406871192853
422.90660907581
422.4275085739564
421.9502340324034
420.5948168962618
419.7153797515645
419.2397881880965
418.35989291517893
418.35989291517893
417.4805384685614
417.0047961354881
417.0047961354881
416.1249812255929
415.6500932274646
415.6500932274646
415.6500932274646
415.6500932274646
415.6500932274646
415.6500932274646
415.1770706578098
415.1770706578098
415.58873901971884
415.12046444375636
416.4252634026903
416.39044177310313
417.2792829748441
417.6996528607607
418.14471179246067
419.068013572976
418.63229689072006
419.1443665373543
419.2004293890931
419.26841044848584
420.2594436773551
419.84878230143767
420.3534227290174
420.86221023037933
421.49495845146237
421.49495845146237
421.6266120633279
422.15755352711625
421.3846224057067
421.9253488473998
422.47011728641826
422.47011728641826
422.0924069442614
422.644058280724
422.644058280724
423.5717176582969
423.19971644602975
424.1285182583223
423.7593656782113
424.3229901855425
425.2540417209459
426.1854056628406
426.75519914817676
427.68797037092355
428.2627698037736
428.2627698037736
428.84146254764124
429.77668619877466
431.29688150970907
431.88540146663905
432.4777450921608
433.4166586553867
434.0138246646067
435.21948485792774
436.16166727487644
438.32864382789313
438.946465984179
442.08822648878584
442.7188724235731
444.30282465903815
445.58388660273613
447.1822894525229
448.78614060596834
448.4863431588525
450.0988780257067
449.80440193488545
451.7167253932491
451.42551988118703
452.38258145070085
453.05187340965716
454.00991178607546
454.9681307520341
455.9265291689002
456.6015768698133
457.5609249050885
458.5204466542359
458.5204466542359
460.16084144568407
461.12145905390264
462.0822437618654
462.0822437618654
462.76776032908776
463.72944698390677
464.69129537791
465.6533045088373
466.3442934142113
467.3071794868981
467.0385423067351
468.96588362054655
469.92978198875625
470.6293658496036
471.59410513703415
473.2631403352685
475.19469694010684
476.8700032503617
479.7707786016151
480.73797436857427
485.3256638588155
486.2941496666395
488.95398556510406
490.893063711436
492.8326287899372
494.77267507411926
495.7428769029365
498.65418879219294
500.59564520678765
502.5375607852611
505.45128350811416
507.3943239729826
508.60298858736564
510.54578638942854
511.5173506343651
512.4890242727155
513.6973817336428
514.6688255567847
515.6403785585454
516.8491075739611
516.8491075739611
518.7918657804881
519.763407715472
521.7068142165674
522.6786775830826
523.6506469011568
526.5671846972616
527.5395719754111
531.4301459270071
532.4030428162483
534.1198367407824
536.0671599715841
538.0148696829856
539.9629616927442
543.8602761739453
547.7590711252531
549.9318139551484
553.8312017212464
556.7566793492468
559.682945961372
563.8049308049726
566.731858995063
569.8780571315235
575.73344526786
576.7096323107496
579.8551543273544
582.0249135561123
584.1951728660551
585.3904679784255
587.5619116314467
589.956778077852
591.1556478627266
592.3554676037016
593.7844726834813
596.1912444845194
597.6294838777618
599.3104370858229
599.7907968617058
601.2470374147385
601.4923108402966
602.4616170346457
602.9560514664398
603.2056034222494
604.4245196879425
604.6767731606697
604.9305745290116
606.1526210452282
606.4091028340521
608.1529412902646
609.3800127998949
611.1382822242442
611.1382822242442
612.6377396145294
612.9078234122975
614.414355301046
615.6500629416032
615.9253201484738
617.1628634323358
618.6800465507191
619.9201561491609
621.161009722922
622.4026028223211
622.6861167554646
624.2155076574115
625.460630255814
627.2870156475423
627.579477038566
629.4203682754476
629.7181909394075
631.5734319934619
631.8765702255465
632.1811449260409
632.7945954257195
633.1034670573207
634.3642486773667
634.6755076415034
634.9881888665332
635.6178096938443
635.9347450800278
635.9473248626807
636.2703827776364
636.9207172011286
637.9067329947223
637.295065099362
638.2993028352765
638.6368295048446
638.3760647142091
638.3760647142091
639.0618123468183
638.1230288901976
638.4684800364071
638.8153097727073
639.513096034788
639.2808459511359
639.9906249313344
640.7058607504695
641.0655192724064
641.4265351542607
641.2214905943188
641.5870946333007
641.9540481997134
641.3930152410455
641.7631962024622
641.5800807381726
641.5800807381726
641.9548270711889
641.9548270711889
641.7826734962545
642.1619733369456
642.000778815727
642.769787715633
642.622750920009
643.0124415592594
642.8763489194481
643.6660624889275
644.0628851284632
643.9440969525227
644.3454042669972
644.2375338336009
644.2375338336009
644.137407701183
644.5463520957977
643.1337341486606
643.5464241218344
643.05054233707
642.0669746996804
642.000778815727
641.0374404042248
640.9882994251923
640.0453108960334
640.4498419080139
639.0907603775852
639.0758953363834
638.6235197673195
638.6211709613141
637.7272144106757
638.1763079275194
637.7342706801949
637.295065099362
637.749166992792
637.3146789459662
636.4542403032601
636.4911625466609
636.0699647051415
635.651634151915
634.8235975450189
634.8873915900363
634.080436537826
633.3758757641468
632.5013833976966
631.3477647065839
630.9690959151644
630.5933713574858
629.8507759779295
629.9849204544503
629.2638556281458
629.7697992123789
629.0643846221149
627.5133464716109
626.8341088358227
626.1669106556175
624.9863998520287
624.6615083387162
623.4909782827656
622.3262809812871
621.4796859109716
621.1674492437606
620.8582769038358
620.0145159591024
620.5521734713367
618.8675140932831
618.5668920981789
617.7264766868909
616.8865373794439
615.7531973120399
614.0781709196314
613.7898663223433
612.1192694238599
610.1704679841528
608.506368085002
607.4018439221271
606.5723369887552
604.9148700437112
604.0869142764144
603.8219936371977
602.1702417091034
601.9111230073755
600.2641085388997
598.3686154871426
597.5483244056501
596.4838639896304
594.6099561897698
593.794577273993
591.9341179557063
590.3100880046012
589.27497825718
588.4658018950634
587.6572130077193
586.6327641719306
585.8267662031158
584.2165694329458
581.8058095275433
580.8003099172727
577.8001384561966
577.0008665504758
575.4042057545287
574.6068220966403
573.8100731078185
572.4089447239622
571.6126310710777
570.2113643202844
569.415489778773
568.0140843324222
568.0140843324222
566.007950474196
563.8102517691568
562.4091037669998
560.2115671779725
558.8103434976844
556.6129714622181
555.2116713470638
552.2191593923558
550.8175741568165
548.620998504432
547.8266149065779
546.4247432172156
544.2288121737033
544.2288121737033
542.0332093147061
541.4249717181505
540.6311126822059
538.435697182124
536.4252044786859
535.0233639758175
533.6215887686704
532.2198793731778
530.818236310698
527.4097079121696
526.6137104177976
524.6074723066762
523.2064602047647
521.2024558652809
519.8018853370965
519.8018853370965
516.4000387296654
516.4000387296654
514.4006220836052
513.8024912356888
511.211306604226
510.02450921499843
508.8428048032123
507.66622893393253
506.49481734762105
505.3286059585386
503.5891182303287
502.43606558446817
501.28834017958167
499.8959891817497
499.3245437588663
498.1857083457935
496.4876634922564
495.9243893982227
493.6851223198852
493.1287864239929
491.4682085343873
490.36822898715616
489.8203752397403
488.7289637416633
487.8903565351543
486.8028348315157
486.8028348315157
484.8793664407674
484.3397567823645
482.95859035739284
482.420977984996
482.420977984996
481.88484101494623
480.5049427425279
479.4382129117369
478.90708911019476
477.0
476.47245460781886
475.94642555649057
475.42191787926646
473.5240226218729
473.0031712367265
472.4838621582752
472.4838621582752
471.9661004775661
471.4498912928075
470.9352397092407
469.56362721147815
469.0511699164602
469.40068172085137
468.89231173052946
468.3855249684815
467.37672171386544
466.8747155286951
465.3783407078589
465.7520799738848
464.7676839023987
463.7898230880018
462.8185389545237
461.85387299447865
462.2520957226695
461.7748369064733
461.29925211298576
460.82534652512334
461.2352978686692
460.2977297358743
460.2977297358743
459.36695571187965
459.79125698516714
459.3310353111359
458.87253131997346
458.4157501657202
458.4157501657202
458.85182793577275
458.3993891793487
457.9486870818607
458.3939353874569
457.94759525517765
457.94759525517765
458.3993891793487
457.9574216016157
458.4157501657202
458.4157501657202
458.87797942372436
458.87797942372436
459.34409760004536
460.24558661653674
459.8140928679764
461.19193401446216
461.6708784404752
462.57648016301044
463.9676712875586
463.9676712875586
465.3654477934519
465.8594208556912
465.8594208556912
467.26865933850087
468.1805207395968
468.6843287331037
469.19185841188676
468.78779847602686
469.30160877627515
471.1348002429878
471.654534590732
471.2589521696113
472.7049819919397
473.23567067582724
474.6925320668106
475.2315225234959
475.77410606295086
477.24626766481896
478.17256299373764
479.27966783497084
480.20828814171875
481.6980381940537
481.6980381940537
482.6282213049709
483.1935430032152
484.1249838626385
483.76233834394344
484.69474930104207
485.62742920885347
485.62742920885347
486.2016042754281
487.13550476227863
488.06966715828594
489.004089962446
489.5845177290638
490.52013210468743
492.3921201644072
494.26511104871645
494.85351367854304
497.6675597223512
498.60605692269723
501.42297514174595
502.02091589892945
503.9017761429305
504.84254971228404
505.4463374088292
507.33026718302546
509.2150822589606
511.10077284230357
511.71281008002916
516.4348942509598
517.3799377633424
519.2706423436626
522.1082263286032
524.0009541976045
524.9476164342495
525.8944761071369
526.8415321517467
528.1098370604358
529.0567077355697
530.0037735714718
532.2189399110107
533.1660154210881
535.3811726237672
536.6497926953853
537.5965029648165
539.8120043126125
540.7587262356475
542.0276745702197
544.2435116746915
545.5135195391587
545.8388040438313
548.3830777841345
548.7121285337148
550.3180898353243
551.5940536300224
552.2644294176478
553.5431329173906
554.8224941366383
555.1621384784809
556.4431687063828
557.7248425523109
559.0071555892644
559.9464260087746
560.290103428572
561.2290085161314
562.5122220894405
563.4509739098869
565.6730504452196
566.9567884768644
568.2411459934946
570.1175317423592
571.4017850864661
571.4017850864661
572.6866507960527
573.6244415992052
575.2582028967514
575.2582028967514
576.5448811671126
577.8321555607649
578.5378120745437
579.827560572969
580.5411268807749
580.9001635393125
582.1932668796505
582.9176614239784
583.2820929876041
584.3842913699854
584.3842913699854
584.7546494043463
584.7546494043463
585.1264820532394
585.4997865072198
585.8745599528964
586.6285025465435
587.7703633222757
588.5388687249127
589.313159534046
589.5659420285402
589.9601681469691
591.1514188429222
591.5513502647086
591.9527008131646
592.7596477494061
593.1652383611164
593.572236547499
594.485491833064
594.8932677380036
595.3024441407913
595.7130181555546
596.124986894527
596.9530969850144
597.3692325521963
598.2056502575014
598.6259266019139
598.5649505275096
599.4163828258284
598.5123223459982
598.9407316254255
598.8998246785517
598.4321181220139
597.0678353420154
596.6070733740927
595.2520474555296
594.7982851353894
593.4526097339196
593.0059021628706
592.1123204257786
590.7774538690521
589.8855821258899
589.448046904899
589.448046904899
588.1241365562206
588.1241365562206
587.2350466380561
587.2350466380561
586.8057600262629
585.9180830116101
585.9180830116101
585.0307684216275
584.1438179078847
583.2572331313174
581.021514231616
580.1353290396992
579.2495144581478
578.3640721898275
577.0138646514484
577.0138646514484
574.7782180980765
573.8928471413457
571.6572399611501
570.7722838400617
568.5367182513369
568.5367182513369
567.1860364994893
565.4166605256694
564.9504403042802
564.0655990219577
561.8300454763878
560.479259205905
559.5944960415533
556.893167492653
556.0080934662732
553.7725164722424
551.0716831774248
548.8360410905975
547.4860728822241
543.9007262359556
542.5513800553824
540.7411580414422
539.853683881105
538.0455371062936
536.6982392369105
535.7844715928225
534.4389581607987
533.9850185164374
532.6405917689714
532.6405917689714
532.1888762460185
531.7386576129293
531.2899396751269
530.8427262381957
530.849319487178
530.4073905970768
530.4271863319225
530.456407256996
530.495051814812
530.5431179461289
531.9295066077835
532.4143123545797
533.8108279156578
536.1231201878911
537.5323246094136
538.4440546612062
539.3560975830346
540.7735200617723
540.7735200617723
542.1964588597015
542.1964588597015
542.1964588597015
542.1964588597015
542.1964588597015
542.1964588597015
540.7735200617723
