374.62114195544274
378.22876675366723
379.11739606617897
379.2466216065741
378.88916585196785
382.00130889828114
383.2088203577783
383.2088203577783
384.0052082980125
384.802546769119
384.802546769119
385.0
385.0
385.6008298746257
386.4000517598309
386.4000517598309
386.4000517598309
387.00129198750744
387.00129198750744
387.00129198750744
387.6041795440292
387.6041795440292
388.2087067544982
387.4132160884551
387.227323416104
387.04650883324086
385.4672489330319
384.3461981079038
383.40709435272584
381.7027639407396
379.75913418902775
378.87464945546304
377.89548819746443
376.1130149303531
375.217270391436
374.41287371029324
374.30068127108717
372.7961909676653
372.03494459526246
372.0053763052357
370.56713291925934
369.84996958226185
369.84996958226185
369.1341219665286
368.4358831601504
368.4358831601504
368.4358831601504
368.4358831601504
368.4358831601504
367.7390379059585
367.7390379059585
367.79342027828613
367.8287645087045
367.9157512257392
367.96738985948195
368.0869462504749
368.8265174848468
368.9728987337688
369.80265007162944
369.89187609354167
370.6440340812192
371.4969717238621
372.2539455801644
372.3613836046912
373.8836717483126
374.64650005038084
374.64650005038084
376.0558469163855
376.8195854782498
376.8195854782498
378.9934036365277
378.9934036365277
379.75913418902775
381.1679419888299
381.1679419888299
381.1679419888299
382.57678967757573
383.3431882791189
383.3431882791189
383.3431882791189
384.1106611381673
384.1106611381673
384.1106611381673
384.8792018283139
384.8792018283139
384.8792018283139
384.24080990961903
384.24080990961903
384.24080990961903
382.968667125654
382.3349317025584
380.2959373961284
378.4098307391075
377.78433000853806
376.5381786751511
374.0655022853618
372.83910739084223
371.61942898616053
370.4065334197009
369.4008662686107
368.2078217528791
367.02179771779225
365.48324174987835
364.3212867785795
364.5600087777045
363.6619309193636
363.0936518310393
363.35244598048325
362.7891949879434
363.0564694369183
363.3290519625426
362.7740343519641
363.60693062701654
363.05509223807894
363.8900932974131
363.8900932974131
363.8900932974131
363.8900932974131
363.8900932974131
364.72592449673766
365.2752386899501
365.2752386899501
365.2752386899501
366.6606060105176
366.6606060105176
366.6606060105176
367.21247255505904
367.21247255505904
367.21247255505904
367.7662300973269
367.7662300973269
367.7662300973269
367.7662300973269
367.7662300973269
367.7662300973269
367.7662300973269
367.7662300973269
367.7662300973269
366.93459907727424
366.93459907727424
366.93459907727424
366.93459907727424
366.93459907727424
365.54753452868476
364.99315062066574
364.99315062066574
363.60693062701654
363.05509223807894
361.95717978788593
361.41112323778856
360.3248534309006
359.784657816311
359.2464335243984
359.02228343098704
358.49128301815097
357.96228851654195
357.2408151373524
356.72117963473937
356.2035934686791
355.5235575879607
355.87778801155883
356.23728047468586
355.735857062512
355.607930170293
355.9845502265513
355.4940224532615
355.8791929854849
356.2695608664877
356.66510903086663
356.1867487709221
356.1867487709221
357.0658202628753
357.0658202628753
357.0658202628753
357.0658202628753
357.0658202628753
357.0658202628753
357.94552658190884
357.94552658190884
357.94552658190884
357.94552658190884
358.82586305894955
358.82586305894955
358.82586305894955
358.82586305894955
358.82586305894955
358.82586305894955
358.82586305894955
358.82586305894955
358.82586305894955
358.82586305894955
358.82586305894955
358.82586305894955
358.82586305894955
358.82586305894955
358.82586305894955
357.4716771997468
357.4716771997468
357.4716771997468
356.5305036038291
356.0631966379002
355.1351855279902
355.10561809129405
354.6505322144604
354.1976849162061
354.1934499676695
353.74849823002785
354.64489281533434
354.6632205346362
354.22732813830163
354.6956441796262
354.7421598851763
354.31765409022455
354.80276210875246
354.8774436337142
355.78785814021256
356.2878050116226
356.79265687511
357.30239293909017
356.90054637111444
357.41852218372793
358.33643409511126
358.33643409511126
359.25478424093393
360.17356926904006
360.17356926904006
361.09278585981195
361.09278585981195
362.01243072579706
362.01243072579706
362.93250061133955
363.3249234500711
363.3249234500711
363.3249234500711
363.719672275229
364.63817682738596
364.63817682738596
365.0342449688796
365.0342449688796
365.0342449688796
365.0342449688796
365.4326203282898
365.4326203282898
365.4326203282898
365.4326203282898
365.4326203282898
365.4326203282898
365.4326203282898
365.4326203282898
365.4326203282898
365.0342449688796
365.0342449688796
365.0342449688796
364.63817682738596
365.1643465619282
364.38578457453576
364.9232796081938
365.0862911696357
364.7094734168555
364.33501067012486
364.89176477415873
364.5229759562489
364.72455360175576
364.939721049929
364.5846952355515
364.4722211636986
364.12772484390695
364.3871567440323
363.38547026539186
364.00137362378183
363.35244598048325
363.3469416411813
363.03443362854716
362.4168870237699
362.46379129507545
362.8291609008295
362.5382738415353
362.36031791574527
361.80796011143815
361.2658301029866
362.4030904945486
362.144998584821
362.8567210346255
364.04670030093666
364.7739025752802
365.5051299229602
367.72272162595556
368.46980880392357
369.22080114749764
372.90347276473574
373.6642878306676
374.641161646715
378.33979436480115
379.5273376187808
381.4826339428834
383.64827641995214
385.6034232213194
386.7919337318192
389.1734831665693
390.3664944638564
391.56097864828155
393.9543120718442
394.17889339740145
395.37956446938426
397.04533746160524
398.48964854811476
398.7292314340648
399.2154806617599
400.4310177795921
400.930168483241
401.1832498995939
401.438662811643
401.438662811643
401.69640277204377
402.6623896020089
402.92182864669917
402.92182864669917
402.92182864669917
403.8873605350878
404.8530597636629
404.8530597636629
406.52798181675024
407.4947852427071
408.4617485150843
410.14387719433284
411.1119069061367
411.83127613137884
413.7692593704854
414.73847181085097
415.46359647988413
417.163037672323
418.1339498294775
418.86752082251496
420.8111215260357
421.5495225949141
422.5221887664599
424.4679022022749
424.2381406710151
425.2117119741647
426.1854056628406
426.1854056628406
427.15922090012293
426.9332500520427
426.9332500520427
426.9332500520427
426.9332500520427
426.9332500520427
426.9332500520427
426.7095030579938
426.7095030579938
426.7095030579938
426.7095030579938
426.7095030579938
426.7095030579938
426.487983418056
426.487983418056
425.5126320099087
424.3170984063687
424.09904503547284
422.90660907581
422.6925596695546
422.48076879308957
422.48076879308957
422.2712398447235
422.0639761931833
422.0639761931833
421.8589811773598
421.6562581060549
422.43579393796637
423.21861962820117
423.02364000135975
424.7940677551889
424.6045218788891
426.3824574252557
427.0
427.9836445473121
428.78899239602686
430.58216405234435
431.5669125408017
432.551731010292
433.36474245143665
435.33550280214916
437.13842201298206
437.13842201298206
438.1244115545264
440.096580309368
441.0827586746052
441.2493626057719
443.22116375462036
444.20715887972807
444.20715887972807
446.1793361418702
446.3462781294362
447.33209140413794
448.31796751859054
448.31796751859054
449.3039060591394
450.28990661572686
451.27596878185307
451.27596878185307
452.2620921545382
453.2482763342846
453.2482763342846
454.23452092503936
455.22082553415765
455.22082553415765
455.05713926934493
455.05713926934493
456.04385754003965
455.8826603414523
456.71106840101874
456.71106840101874
457.54234776684876
458.3764828173452
458.0753213173572
458.9172038614373
458.9172038614373
459.6194077712559
459.4790528413673
459.3408320626417
460.0619523498982
460.92190227846623
460.792795082562
461.5333140738597
462.525674963023
462.4035034469354
463.2763753959401
463.2763753959401
463.2763753959401
464.15191478652764
465.14513863954335
466.1383914675984
466.1383914675984
466.1383914675984
467.1316730858656
468.2413907377262
468.2413907377262
470.3456176047567
470.46572670068116
471.45837568124716
472.696519978728
473.8143096192853
473.9419795713395
476.1858880731347
476.3192206913343
477.44528482329787
478.57287846262244
478.57287846262244
479.7019908234695
480.83261120685233
480.83261120685233
481.96472899995496
482.9544491978514
482.9544491978514
484.0878019533233
484.0878019533233
485.07731342539614
486.0668678278741
487.05646489909157
487.05646489909157
488.04610437949407
488.89364896672566
489.8836596580866
489.8836596580866
490.7341439109368
491.5872252205096
492.5779126189074
493.56863757738904
494.424918465888
495.2837570524598
495.2837570524598
497.13680209777266
498.00100401505216
498.86771793733055
499.73693079459315
500.729467876617
501.72203459684727
501.60143540464475
502.5942697643896
503.5871324805669
504.58002338578564
505.5729423139652
506.5658891003223
506.5658891003223
506.5658891003223
507.5588635813584
507.5588635813584
508.55186559484764
508.6708169337022
508.6708169337022
509.7842680977906
509.90685423908553
510.89920728065334
511.149684534775
511.149684534775
512.2694603428941
512.3992583913447
512.3992583913447
513.522151420949
513.6555265934554
513.7908134640011
514.78150704935
514.9184401436795
514.9184401436795
515.9089066879927
516.0474784358508
516.0474784358508
517.0377162258088
517.1779190955468
518.1679264485597
518.1679264485597
519.2995282108391
519.2995282108391
520.2893425777622
521.2791958250397
521.2791958250397
522.2690877316022
522.2690877316022
523.2590180780452
523.2590180780452
524.2489866466124
524.2489866466124
525.0990382775425
525.0990382775425
526.089346024038
527.0796903694924
528.0700711079922
528.0700711079922
528.9234349128426
529.9141439893825
529.9141439893825
530.904887903662
530.904887903662
530.904887903662
531.8956664610081
531.8956664610081
532.8864794681884
533.8773267333986
533.8773267333986
534.8682080662488
535.0037383046963
535.9944029558518
536.1315137165507
537.1219600798314
537.2606443803603
538.3911217692952
538.5331930345612
539.6665637224526
540.6560829214816
540.8012573949879
540.9482415166908
541.9372657420784
541.9372657420784
542.0857865688788
543.2246312530389
543.3764809043541
544.5181356024792
544.6732965732762
545.6610669637334
545.8177351460834
546.80526698268
546.80526698268
546.9634357066293
547.9507277118993
547.9507277118993
548.1103903412159
548.1103903412159
549.0974412615669
549.0974412615669
549.0974412615669
550.2453997990351
550.2453997990351
551.2322559502483
551.2322559502483
552.2191593923558
552.2191593923558
553.2061098722609
553.2061098722609
554.193107138658
554.193107138658
555.1801509420163
555.1801509420163
555.1801509420163
555.1801509420163
556.3281405789213
556.3281405789213
556.3281405789213
557.3149917237109
557.3149917237109
557.3149917237109
558.3018896618566
558.3018896618566
558.3018896618566
558.4639648177848
558.4639648177848
558.4639648177848
559.4506233797581
559.4506233797581
559.4506233797581
559.6141527874362
559.6141527874362
559.6141527874362
560.7655481571599
560.7655481571599
560.7655481571599
560.7655481571599
560.9322597248263
561.9181435049059
561.9181435049059
562.0862923075068
562.0862923075068
562.0862923075068
562.0862923075068
563.0719314616916
563.2415112542753
563.2415112542753
563.2415112542753
564.2269047112163
564.2269047112163
564.3979092803232
565.3830559894769
566.5403780843868
567.5253298311891
568.5103341189147
569.4953906749378
570.4804992285012
571.6379973374758
571.6379973374758
572.6229125698692
572.796648034885
572.796648034885
573.7813172280883
574.9408665245496
574.9408665245496
575.9253423838892
576.909871643743
578.0700649575274
578.0700649575274
579.0544015893498
579.2313872710973
579.2313872710973
580.2154772151464
580.2154772151464
580.3938318073341
581.3776741499453
581.5573918367817
581.5573918367817
581.5573918367817
582.722060677301
582.9047949708425
583.0891870031547
583.0891870031547
584.0719133805356
584.2576486448423
584.2576486448423
584.4450359101359
585.4271944486351
585.6159150842811
585.6159150842811
586.787866268552
586.9795567138603
586.9795567138603
588.1538914263851
588.1538914263851
588.3485361586277
588.3485361586277
589.5252327084906
589.5252327084906
590.7029710438234
590.7029710438234
591.8817449457282
592.0819200076962
593.2630108139223
593.2630108139223
594.2423747933161
595.4242185198717
595.628239760339
596.8123658236314
597.9974916335352
597.9974916335352
599.1836112578515
599.1836112578515
599.1836112578515
600.3707188063055
600.5813849929084
600.5813849929084
601.5588084302316
601.770720457551
601.770720457551
602.9610269329188
603.937910715994
604.1522986797286
605.3445299992394
605.3445299992394
606.320872146094
606.5377152329442
606.5377152329442
607.7318487622646
607.7318487622646
608.9269250082476
608.9269250082476
609.1477653246378
610.1229384312641
610.3449844145522
610.3449844145522
611.5431301224796
611.7679298557583
611.9942810190304
613.195727317143
613.195727317143
613.4248120185554
613.6554407808994
613.6554407808994
613.8876118639307
615.0934888291373
615.3283676217114
615.3283676217114
616.5362925246169
616.7738645565325
616.7738645565325
616.7738645565325
617.9838185583826
617.9838185583826
617.9838185583826
619.1946382196796
619.4360338243167
619.4360338243167
620.6488540229491
620.6488540229491
621.862525000502
621.862525000502
623.0770417853638
624.2923994411593
624.2923994411593
625.5085930664742
626.477453704441
626.477453704441
627.6941930590086
627.6941930590086
628.9117585162485
630.1301452874636
630.1301452874636
631.3493486177047
631.3493486177047
631.3493486177047
632.5693637855061
632.5693637855061
632.5693637855061
633.790186102625
635.0118109137813
635.2676601244549
635.2676601244549
635.5249798395024
636.7495583037337
636.7495583037337
637.009419082638
637.270743091192
637.5335285300688
637.7977735928529
637.7977735928529
638.0634764660958
638.3306353293723
637.9067329947223
638.4520342202694
638.4520342202694
638.0423183457348
638.3204524374885
638.6000313185085
638.2045126759916
638.4888409361592
639.0618123468183
639.6405240445605
639.9320276404362
640.815105939303
641.1123146532127
641.4109447148528
642.6196386666065
642.9253455884283
643.8509144204114
644.162246642878
644.4749801194768
646.0534033653875
646.6877144340999
647.0069551403601
647.6495966184184
647.9729932643799
649.2434058194199
649.5690879344552
649.8961455494255
650.5543789722732
650.8855506154673
651.8289652968791
652.1610230610229
652.4944444207936
652.8292272868916
652.8292272868916
653.7713667636416
654.1070248820142
654.4440388604667
654.4440388604667
655.7232648000222
655.7232648000222
656.062497022959
656.062497022959
656.4030773846205
656.7450037876192
657.6845748533259
658.027355054484
658.3714756883078
658.7169346540288
659.4118591593573
658.824711133394
659.1760007767273
660.2378359349001
660.2378359349001
660.0189391222043
660.3786792439622
661.1021101161302
661.8307940856182
662.1971005674972
662.933631670622
662.933631670622
663.3038519411748
663.6753724525266
664.0481910223083
664.4223054654321
664.7977135941428
664.7977135941428
665.1744132180672
665.552402144264
665.552402144264
665.9316781772736
665.9316781772736
665.9316781772736
666.3122391191686
666.3122391191686
667.2368395105294
667.2368395105294
667.6181543367436
667.6181543367436
667.6181543367436
667.6181543367436
668.0007485025747
668.0007485025747
668.0007485025747
668.3846198110786
668.3846198110786
669.3078514405759
669.6924667337986
669.6924667337986
670.0783536273948
670.465509925753
670.8539334311158
672.164414410641
672.5548304785268
673.3394389162127
673.7336268882532
674.1290677607664
674.923699391272
675.7233161583223
676.1249884451838
676.9320497657058
677.3374343707868
678.1519003881062
678.5609773631254
679.3828081428026
679.7955575024008
680.6247130394253
681.0411147647402
681.8775549906303
681.8775549906303
681.8122908836419
682.2352966535813
682.6595051707696
683.0849141944213
682.607500691283
683.0358702147348
682.5628176219387
682.5628176219387
682.0923691113983
682.0923691113983
682.5254574006746
681.624530075026
681.624530075026
682.0593815790528
681.1593058895987
681.1593058895987
681.1593058895987
680.6967019164997
680.6967019164997
680.6967019164997
679.7977640445723
679.7977640445723
680.2367235014588
680.2367235014588
680.2367235014588
679.3386489814928
679.3386489814928
679.3386489814928
679.7793759742935
679.7793759742935
680.2212875234059
679.3246646486494
679.7683428933713
680.6592392673444
680.6592392673444
681.5548400532418
682.0043988127936
682.9070214897487
683.3600807773307
683.8143022780381
684.7262226612911
685.6427641272094
686.102761982489
686.563908168788
687.0262003737557
687.4896362855225
687.9542135927361
687.9542135927361
688.8867831509035
689.3547707820697
688.9412166505934
689.4120683597002
689.4120683597002
689.8840482283962
689.4766130914086
689.4766130914086
689.9514475671458
689.0718395058675
689.0718395058675
689.5484029420995
689.5484029420995
688.6697321648455
688.6697321648455
688.6697321648455
688.2702957414333
687.3929007489094
687.3929007489094
686.9970887856804
686.1209805857856
685.7288093700016
684.8539990392113
684.4654848858341
684.9525531013079
684.0796737222938
683.6965701244961
683.3161786464594
683.3161786464594
682.9385038200732
683.0592946443229
682.6888017244753
683.187382787475
682.8213529174377
682.9611994835432
683.1083369422452
682.7539820462418
682.9128787773737
683.4244654678379
682.7364059430257
683.2525155460461
683.433244728408
682.7686284532997
682.9655921054881
682.6419266350405
682.8506425273392
682.0029325450148
682.22063879657
681.065341945984
680.7584006092029
680.9941262595441
680.1529239810706
679.8543961761223
679.0147273807837
677.881995630508
677.5913222584835
676.7547561709486
675.6330364924439
675.6330364924439
674.7984884393265
673.1307451008311
672.297553171213
671.46481665088
669.800716631447
669.800716631447
668.1384587044814
667.3080248281149
666.4780566530304
665.6485559212158
665.6485559212158
663.990963793936
663.162875921142
662.3352625370327
661.2450377885644
660.4195636108913
659.5945724458321
659.3367879922976
657.6906567680584
657.4382100243338
657.4382100243338
656.3687987709349
655.3052723731131
654.247659529631
653.431710280424
653.1959889650273
652.963245519991
651.921774448438
651.6962482629465
650.6650443968847
649.8569073265284
648.0277771824291
647.0123646422841
646.2089445372912
645.2015189070776
644.4004965857802
642.6025210034583
641.0070202423683
638.6180392065354
638.6180392065354
637.8228594210151
635.4407918917387
633.8556618032216
632.2728841252011
630.6924765684145
629.9031671614297
628.3263483254542
626.1349694754318
625.347903170707
623.7756006770384
622.9903691069389
620.8010953598584
619.2333970321691
617.8284551556362
617.0453792064243
615.640317068335
614.8577071160448
612.6703844645994
612.6703844645994
611.1080100931422
611.1080100931422
608.9219982887792
608.1422530954414
607.3631533110977
606.5847014226455
605.1784860683664
604.400529450463
602.846580814721
602.0705938675297
601.295268566118
600.5206074732157
598.9732882190991
597.4286568285789
596.5249366120414
596.5249366120414
594.9873948244618
593.4526097339196
591.920602783853
591.1556478627266
589.5125104694556
588.7512208055283
586.4716531939118
584.3030035863242
583.5451996203893
581.2761822060147
580.521317438042
579.0138167608783
577.5093072843069
576.0078124470189
573.846669416143
573.097722905963
570.9378249862239
569.4435880752368
568.0316892568583
566.5403780843868
565.795899596312
562.9715800997418
562.9715800997418
560.815477675144
559.4032534764166
559.4032534764166
557.9910393545761
556.5788353863269
555.8354072924826
555.1666416491538
555.1666416491538
554.4231236158896
553.0108498031481
551.5985859300221
551.5985859300221
550.1863320730532
548.7740883095703
547.3618547176995
546.6186970823446
545.2063829413592
545.2063829413592
543.7940786731683
543.051562929341
542.3098745182499
541.6391787897179
540.8974024711156
539.4849395488255
537.3313688963264
535.1784749034662
534.4389581607987
534.4389581607987
531.6135814668395
530.8747498233458
529.4619910815129
528.0492401282289
525.8982791377055
524.4854621436136
523.8110346298558
521.6598508606926
520.2470566951821
520.2470566951821
518.1602068858626
517.4214916294065
516.0087208565375
514.5959580097768
513.2494520211395
512.5095121068487
512.5095121068487
511.09685970469434
510.42433327575594
509.0117876827608
509.0117876827608
509.0117876827608
507.59925137848654
506.25783944547464
504.8455209269465
504.8455209269465
504.1765563768312
502.0966042506163
502.0966042506163
501.4299552280458
500.01799967601164
500.01799967601164
498.68827938903877
497.27658299984324
497.27658299984324
495.86490095589545
495.20197899443014
493.87953996900904
493.1287864239929
491.8089059787348
489.73972679373276
488.3287826864192
487.6720209321015
485.5069515465252
484.09606484663766
483.43975839808627
480.6183517095451
479.96354028196765
477.1425363557519
474.32162084391643
472.91119673782305
470.1967673219373
466.7269008745907
465.31709618280735
461.8495426001849
458.3841183985327
455.6862956025779
454.2774482626229
450.81814515389686
447.49301670528894
444.81456810675616
444.181269303423
442.91872843671894
440.883204488445
439.6293893724577
437.59913162619506
436.9759718794616
436.3542139134215
435.73386372876735
435.90136498983344
435.2849641326932
435.2849641326932
435.2849641326932
434.66998976234834
434.66998976234834
434.66998976234834
434.66998976234834
434.66998976234834
434.66998976234834
434.66998976234834
434.05644794196985
434.05644794196985
434.05644794196985
434.05644794196985
434.05644794196985
434.05644794196985
433.4443447548947
433.4443447548947
433.01847535642173
433.01847535642173
431.80666970300496
431.20296844989366
429.4007452252499
428.8029850642367
428.20672577623066
426.42701602970703
425.8368232081392
424.0754649823543
423.72278673680034
422.5647879319809
420.83963691648626
420.267771783657
417.43262929483603
416.8704834837794
416.58132459341
415.47081726638754
414.9180642006323
414.65407269192474
414.65407269192474
413.5625708402539
413.0193700058146
413.3194890154588
413.3194890154588
413.3194890154588
412.78081350760476
412.78081350760476
413.62422559613213
413.62422559613213
413.62422559613213
413.08836827003495
413.08836827003495
413.93356954951116
413.93356954951116
413.93356954951116
413.93356954951116
413.93356954951116
414.77945947213925
414.77945947213925
414.77945947213925
414.77945947213925
414.77945947213925
414.77945947213925
414.77945947213925
414.77945947213925
414.2475105537751
413.7172947799016
412.66208936610593
412.1371131067912
411.0924470237808
410.05487437658877
410.05487437658877
409.88291010970437
408.8618348537804
407.84801090602366
407.84801090602366
408.20828017079714
408.0747480548141
407.5782133529711
407.4616546375867
407.8443330487749
407.3573369905101
407.74747086891904
407.265269818088
407.66285089519744
408.06494581132546
407.5904807524337
408.471541236351
408.471541236351
408.0
408.8826237442721
408.4140056364375
409.2981798151563
408.8324840322745
409.71819583709
409.71819583709
409.71819583709
409.255421466839
410.1426581081271
410.1426581081271
409.6828041302197
409.6828041302197
410.11461812522606
410.11461812522606
410.11461812522606
409.65961480233807
410.0987685911773
410.0987685911773
409.6486299256962
409.2004398824615
408.7542048713383
409.20654931220247
409.20654931220247
408.32585027156927
407.8884651470301
408.35401308178666
407.9215610874228
408.3944171998437
408.87161799273866
408.4470589929618
408.93153461184676
409.42032191868543
409.9134054895009
409.9134054895009
411.3222580896881
411.82520563948003
411.41827864109297
413.2468995648969
414.16180412973864
413.75959203382826
414.6757769631595
414.6757769631595
415.5923483414968
415.5923483414968
416.50930361757827
417.42664026149555
417.42664026149555
418.3443557644826
418.3443557644826
418.86752082251496
418.86752082251496
419.78685067543506
419.3948020660247
419.3948020660247
419.3948020660247
419.3948020660247
419.92618398951976
419.5390327490399
419.15390967996467
419.69512744371957
419.3149174546501
418.56062882215764
418.186561237924
418.37423438830456
418.0071769718793
417.6421913552317
416.9184572551328
417.85164831552356
417.137866897744
417.7200019151585
417.3691411688219
417.02038319487457
417.612260356422
418.2080821791946
418.80783182743846
418.4698316485909
419.0763653560052
420.01904718714843
420.01904718714843
420.63047916193614
421.57442996462675
423.1359119715555
423.1359119715555
424.08136011855083
425.02705796219607
425.02705796219607
425.6500910372274
426.5969995206249
427.5441497670153
428.49154017319876
429.4391691497179
429.7592349211358
430.7063965162347
431.65379646193315
431.65379646193315
432.601433192263
432.601433192263
433.54930515455794
434.49741080931653
434.49741080931653
435.44574863006756
435.44574863006756
436.39431710323635
436.39431710323635
436.07912126126837
436.07912126126837
436.07912126126837
437.0286031829038
436.7161549565118
436.7161549565118
437.3568337181894
437.3568337181894
438.0011415510238
437.69624170193646
438.34689459376807
438.34689459376807
439.00113895068654
438.7037724934674
439.36431352580286
439.0717481232424
439.45079360492684
439.16511701181366
440.12384620695116
439.84088031923545
439.5600072800072
439.2812311037202
439.9659077701362
439.9659077701362
439.69193761086865
439.42007236811565
439.42007236811565
440.3827880378614
440.3827880378614
441.0770907675891
442.04072210600685
444.6684157886638
448.52870588179746
450.45976512891804
453.35747484738795
454.3236731670495
459.412668523627
460.6365161382671
463.79305730034383
467.20980297934676
469.6647740676322
470.89383092157834
473.35504645033626
474.58718903906373
475.8203442477003
477.3279794858039
479.525807438974
480.7629353433977
481.72398736205776
482.6851976184892
483.9225144586683
483.9225144586683
484.88349116050546
485.84462536905767
486.805916151396
487.4935897014442
488.45572982615323
489.41802173602065
489.14721710339927
489.84181120030985
491.7692548340126
492.4682730897494
493.1703559623186
494.5836632967167
495.29486167332686
495.04141240910343
496.47759264643554
496.47759264643554
496.9557324349926
497.68363445064176
497.68363445064176
497.68363445064176
497.68363445064176
497.68363445064176
497.68363445064176
498.65418879219294
498.65418879219294
498.65418879219294
498.65418879219294
499.8659820391862
500.10898812158933
501.0788361126421
501.5695365550025
501.8176959813195
503.03578401541176
503.03578401541176
503.2871943532837
504.507680813682
504.507680813682
505.98517764851573
505.98517764851573
507.20902988807285
507.4682256062935
508.43386983952985
509.39964664298697
510.625107099132
511.5906566777779
512.556338366818
513.522151420949
514.4880951003629
515.7130985344468
517.6446657698696
519.5767508270554
520.5429857370091
522.4758367618545
523.442451469118
524.4091913763526
526.3430440311718
527.3101554114049
528.2773892568184
530.2122216622322
532.1475359334102
533.115372128773
534.083326832059
535.302718095098
536.2704541553636
537.2383083883725
538.2062801565958
539.1743688270058
540.3933752369657
541.3612472277638
542.5808695484941
543.548525892583
543.548525892583
544.5162991132589
544.5162991132589
544.768758281897
545.7362000087588
545.7362000087588
545.7362000087588
546.7037589042168
546.7037589042168
546.7037589042168
546.7037589042168
546.7037589042168
547.6714343472736
547.9242648395852
547.9242648395852
547.9242648395852
547.9242648395852
547.9242648395852
547.9242648395852
547.9242648395852
548.8916104296002
548.8916104296002
548.8916104296002
549.8590728541269
550.112715722878
551.0798490237145
551.0798490237145
552.0470994398938
553.2684700938596
553.2684700938596
554.4907573621043
555.4574691189237
556.68033915345
557.6468416480093
558.6134620647805
559.836583299091
559.836583299091
560.0946348609314
561.0606027872568
562.285514663147
562.285514663147
563.2512760748972
564.4767488568506
564.4767488568506
565.442304749123
565.7031023425627
566.6683333308823
566.6683333308823
567.6336846946277
567.6336846946277
568.8602640367843
568.8602640367843
568.8602640367843
568.8602640367843
570.087712549569
570.087712549569
571.0525369876225
571.0525369876225
571.3160246308518
571.3160246308518
572.2805256165896
572.5451947226525
573.5093721989206
573.5093721989206
573.7752173107514
574.7390712314589
574.7390712314589
575.0060869243038
575.9696172542438
576.2377981354573
576.2377981354573
577.2010048501302
577.4703455589732
578.4332286444132
578.7037238518515
579.6662833044544
579.6662833044544
579.6662833044544
579.937927712958
579.937927712958
580.2111684550721
580.2111684550721
581.172951882656
581.172951882656
581.172951882656
580.2111684550721
580.4860032765648
580.4860032765648
580.7624299143325
580.7624299143325
580.0801668735107
580.0801668735107
579.4005522952149
579.4005522952149
579.6826718127772
579.966378335848
581.2099448564176
581.496345646299
582.7417953090373
584.2781871677223
585.5262590183296
588.3196410115847
588.6161737499234
590.1677727561884
591.7237531145763
593.284080352743
593.5899257905241
594.8487202642366
596.4176389075025
596.7285815175942
597.0410371155403
597.3550033271672
597.3550033271672
597.6704777718237
597.6704777718237
597.6704777718237
597.6704777718237
597.6704777718237
597.6704777718237
597.987458062458
597.987458062458
597.987458062458
597.987458062458
597.987458062458
597.987458062458
597.987458062458
598.9357227616332
598.9357227616332
599.2537025334095
599.5731815216554
600.841077157679
600.841077157679
602.1096245701442
603.0829130393266
604.6833882289144
605.3445299992394
606.2878854141818
606.953869746293
607.6257071586093
609.2437935670745
609.9262250469314
611.5529412896319
612.2458656454937
612.9445325639181
613.6489224304073
614.3590155601202
615.074792200103
615.074792200103
617.090755075783
617.090755075783
617.4544517614235
618.186056135206
619.4836559587347
619.4836559587347
620.7817651961115
621.151350316491
622.4508012686625
622.8226071683654
622.8226071683654
624.4973979129137
625.7994886543133
627.1020650579935
628.4051241038698
630.0872955392769
630.0872955392769
631.7729022362387
633.0789840138433
633.4619167716398
635.1543119589129
635.5407146674397
637.2385738481311
637.6284184381998
638.0195921756635
638.4120926173
638.8059173176154
639.5975297012958
639.9953124828337
640.7948189553346
640.7948189553346
640.6847898928146
640.6847898928146
641.0896973123184
640.5825473738728
639.66944588592
640.0781202322104
640.0781202322104
639.1658626678993
638.6650139157459
638.6650139157459
637.7538710192201
638.1669060676838
637.2566202088449
637.6715455467651
637.6715455467651
636.7621219890517
637.1789387605337
637.1789387605337
636.6890921006893
636.6890921006893
637.5303914324398
637.9529763234905
638.8020037539018
639.2284411695086
639.6561576347092
640.5154174569102
641.379762699136
641.8138359368704
642.2491728293622
643.5627397542527
644.003105582574
644.4447222221623
643.9914595706996
644.43618768657
644.8821597780482
644.4354118140933
644.8844857802054
644.8844857802054
643.9914595706996
643.9914595706996
644.4423946327554
644.4423946327554
643.5503088337383
643.5503088337383
642.6585407508408
642.221145712285
640.4404734243457
639.5506234849591
638.6610994886098
636.8830347873933
637.3421373171556
636.4542403032601
636.028301257106
636.028301257106
636.028301257106
635.6052233894873
636.0699647051415
635.651634151915
636.5885641448485
637.5303914324398
637.1224372128171
637.5970514360931
639.0281683932251
638.6305661335041
640.0781202322104
640.5630335884206
640.6637183421581
640.7721904077923
641.2643760571766
640.8884458312539
641.3836605340052
641.0124803777225
640.1452960070862
640.1452960070862
639.7780865268832
638.9123570568971
638.9123570568971
638.5491367154136
637.6848751538647
636.8210109599086
635.9575457528592
635.094481160087
634.2318188170632
633.3695603674051
632.507707462921
630.785224937934
630.785224937934
629.9245986624113
629.0643846221149
628.204584510492
628.204584510492
627.3452000294575
627.3452000294575
626.4862328894387
625.6276848094241
625.2839355045035
624.4269372792945
624.4269372792945
623.5703649148186
623.2318990552393
623.2318990552393
622.3768954580496
622.8964600958975
622.042603042589
621.7113478134366
620.0072580220332
619.1558769809102
618.8311562938634
617.1320766254173
616.283214115069
614.5868530972657
612.8923233325736
612.5789745004313
610.3539956451501
609.5088186400587
607.8198746339248
606.1328237276051
605.2900131342
603.0663313434103
602.2242107388245
600.5414223848343
599.7007587122098
598.3184770671887
597.4780330689991
595.7986236976383
594.4156794701836
592.737716026237
591.8994847100308
591.8994847100308
591.0617565026517
591.0617565026517
590.2245335463446
590.2245335463446
589.3878179942303
588.5516120103657
587.7159177698014
586.5978179297977
586.5978179297977
585.7644577814533
585.4861228073643
584.6545988872405
584.6545988872405
583.8236034968096
583.5511974111612
582.722060677301
581.8934610390462
581.0654007940931
580.2378822517537
578.5844795706155
577.7586001090767
576.9332717047961
575.2842775532806
574.4606165787172
573.6375162068813
572.814978854429
571.4236606931848
570.6014370819618
568.9586979737633
568.9586979737633
567.3182528352141
566.4988967332594
565.1061847122185
564.2871609384711
563.4687214034157
563.4687214034157
561.2575166534521
560.4400057097994
560.4400057097994
559.0465096930666
558.2293435497636
557.4127734453167
556.5968020030299
555.2026656996525
554.3870489107768
552.9927666796375
552.1775076911409
550.7830788976728
550.7830788976728
549.1538946415659
548.5736049063972
547.7590711252531
545.5501810099599
544.1553087125035
543.3415132308593
542.528340273575
541.1330705103875
539.7378993548627
538.924855615326
537.529534072315
535.9048422994515
534.5091205957107
533.6974798516478
531.4903573913641
530.6797527699733
529.8697953271162
529.0604880351584
526.8548187119484
526.0465758846834
525.2389932211812
524.4320737712368
523.6258206009326
522.820236792724
521.4220938932297
520.6169417143473
519.812466183719
519.812466183719
518.4139272820513
518.4139272820513
517.6098917138273
517.0154736562533
517.0154736562533
516.2111970889434
516.2111970889434
515.6171060001792
515.6171060001792
514.2188250151875
514.2188250151875
513.0350865194309
512.4451190127583
510.45959683406875
509.87253309037936
509.28675616002425
508.7022704883476
507.537190755515
506.723790639437
505.5620634501762
504.4055907699676
503.82933618438693
502.68081324037024
502.10855400002896
500.145978690222
499.5768209194658
497.61832763675415
497.61832763675415
496.4876634922564
495.9243893982227
494.53513525330027
493.973683509557
493.1460229992735
492.585018042571
492.0254058481127
491.19649835885434
491.19649835885434
490.63734060913055
490.63734060913055
490.0795853736411
490.0795853736411
488.9683016310976
488.9683016310976
488.4147827410632
487.8626855991345
487.31201503759377
487.31201503759377
486.7627758980754
486.2149730314771
485.66861129786844
485.1236955663988
484.0382216313088
483.49767321053366
483.49767321053366
482.420977984996
481.88484101494623
481.3501843772369
480.285331860135
479.22646003742324
477.84934864452833
476.79765100092516
475.42191787926646
474.3774868182511
473.5240226218729
472.4838621582752
471.9661004775661
470.59324262041844
470.07765315956044
469.0511699164602
467.68044645890427
467.68044645890427
467.17020452935566
467.17020452935566
467.17020452935566
466.3099827368057
466.3099827368057
465.8003864317848
465.8003864317848
465.8003864317848
465.29238119702757
465.29238119702757
465.29238119702757
465.29238119702757
464.7859722495936
464.7859722495936
464.7859722495936
464.7859722495936
464.7859722495936
464.281164812875
463.7779641164509
463.7779641164509
462.77640389285193
462.27805485443497
461.7813335335243
460.792795082562
460.3009884847088
460.3009884847088
458.8354824989018
458.3503027161649
457.3849582135381
456.4263357870578
456.8292897790158
456.3551248753541
455.411901469428
454.9428535541579
455.3602969078442
454.89559241654564
454.85931891080344
454.4007042248064
455.2900174613979
454.834035665758
455.27134765983243
455.27134765983243
456.1633479358025
455.71262874754746
456.60595703516617
457.4997267758747
457.0525133942488
457.94759525517765
458.8431104419026
459.2962007245433
459.2962007245433
459.7531946599175
459.7531946599175
460.21408061900934
460.21408061900934
460.6788469204984
460.24558661653674
460.7168327725828
461.19193401446216
460.7656671237561
461.24722221385787
460.82534652512334
460.4052562688658
461.31334253411745
460.89586676384937
460.48018415562683
460.9772228646444
460.5659561886875
460.15649511878024
460.66256631074333
460.66256631074333
460.25753660315
461.17241894978935
461.17241894978935
461.68604050804913
461.68604050804913
462.60242109180535
462.2034184209373
463.1209345300642
462.724540088377
463.64318176804886
463.64318176804886
464.5621594576984
465.48147116722055
466.4011149214804
466.00965655230794
466.93040166602987
467.463367548731
467.463367548731
468.3855249684815
468.3855249684815
468.92323465573764
468.92323465573764
469.46458865392606
470.00957437056536
469.63177064589655
470.1829431189524
469.809535875976
470.7377189051245
470.3668780856067
469.9978723356096
470.56136688002766
470.1967673219373
471.128432595614
470.76639642183466
471.6990566028302
472.2732260037615
472.2732260037615
472.8509278831966
473.4321493096978
474.3680006071236
475.30411317387103
476.82806125478817
477.7656329205775
478.7034572676491
478.7034572676491
480.57985808812253
480.2353589647476
482.1140943801581
483.05382722839494
484.9340161300298
484.9340161300298
485.8744693848402
486.8151599940166
487.7560865842681
487.7560865842681
488.6972477925367
488.3605225650411
489.3025648818939
490.2448367907611
490.2448367907611
491.1873369703254
492.1300641090727
493.07301690520444
493.07301690520444
493.6851223198852
494.6291540133881
495.57340525899895
496.5178748041202
497.135796337379
497.135796337379
498.0813186619229
498.0813186619229
498.703318617392
498.703318617392
499.6498774141749
499.6498774141749
500.5966440159183
502.49079593560714
503.11927015370816
504.0674558032883
505.33355321015443
506.2815422272473
507.2297309898149
507.2297309898149
509.1267032871091
509.1267032871091
510.0754846098761
511.02446125405777
511.9736321335309
511.9736321335309
513.8725522928813
513.8725522928813
514.8222994393308
516.0852642732594
517.0348150753487
517.9845557543198
519.8846025802264
521.1468123283496
521.1468123283496
522.4098008268987
522.4098008268987
523.6735624413361
524.6227215819002
525.8868699634932
526.8358378090845
528.1003692481194
529.0491470553562
529.365658123003
530.3140578939992
531.5797212083997
531.8984865554704
532.8461316365166
533.1660154210881
535.3811726237672
535.7032760773449
538.2434393469185
538.2434393469185
539.8416434474095
539.8416434474095
542.3882373355823
542.7190801878997
543.9944852661652
543.9944852661652
545.2705750359173
545.6051685972192
546.8829856559811
547.2202481633881
547.5591292271548
548.839685154053
549.1812087098392
550.8075889092306
551.1533361960172
552.4382318413526
552.4382318413526
552.7865772610619
552.7865772610619
553.1365111796545
554.0730998704051
554.4240254534429
554.7765315872689
556.0656436069396
556.4207041439058
557.3553624035567
557.7113948988311
557.7113948988311
558.6456837746086
559.0026833567081
559.9366035543667
560.2945653850303
561.5870368874267
561.5870368874267
562.8800938032895
563.2415112542753
564.1737321074067
564.5360927345567
564.5360927345567
565.8312469279158
566.1960791104085
567.4927312309824
567.8600179621735
568.2288271462475
568.5991558206889
570.2718649907252
570.6461250197008
571.3991599573804
571.777928919961
571.777928919961
572.5399549376446
572.5399549376446
573.307945174319
573.6941693969009
574.0818756937027
574.4710610640017
574.8617225037688
575.253857005757
575.6474615595903
575.6474615595903
576.0425331518499
576.439068766162
575.920133351839
576.3202234869084
577.1247698721655
577.1247698721655
577.93511746562
577.4296493946254
577.8390779447163
578.2499459576283
578.6622503671723
578.1660661090376
578.9991364414976
578.5101554856233
578.9309112493476
578.4470589431672
578.4470589431672
577.9662619911304
577.4885280245834
576.584772605035
576.1111003964427
575.6405128202844
575.6405128202844
574.7390712314589
574.2725833608984
573.372479283755
572.9101151140552
571.1129485487087
570.6557631357103
568.8620219350207
568.4100632465967
567.5147575173706
566.6198019836581
565.279576846714
565.279576846714
563.9450327824512
563.9450327824512
562.6162102179425
561.7259118110896
561.2931497889494
560.4043183274019
559.9758923382327
559.9758923382327
559.9758923382327
559.0885439713463
559.0885439713463
559.0885439713463
559.0885439713463
559.0885439713463
558.2015764936534
558.2015764936534
557.7400828342894
556.852763304628
554.156115187769
552.8082850319811
551.4607873638886
551.0027223163239
550.1136246267674
549.6562562183751
547.4203138357217
546.0741707863502
544.7283726776126
543.3829220724552
542.0378215586068
540.6930737488691
539.8018154841645
538.4570549263888
538.4570549263888
537.1126511263722
536.2210365138615
535.7686067697509
534.8766212875638
533.9850185164374
533.9850185164374
532.6405917689714
532.6405917689714
531.749000939353
531.749000939353
531.749000939353
530.4045625746445
530.4045625746445
530.4045625746445
529.5129837879332
529.0604880351584
529.0604880351584
529.0604880351584
528.60949669865
528.60949669865
528.1600136322324
527.7120426899504
526.8206525944099
525.480732282355
525.0380938560554
524.5969881728258
524.1574191023151
522.820236792724
522.820236792724
522.3830012548265
521.0470228299937
519.7114584074513
519.7114584074513
518.8111409752107
518.376311187153
518.376311187153
518.376311187153
518.376311187153
517.4756032896623
517.4756032896623
517.4756032896623
517.4756032896623
517.4756032896623
517.4756032896623
518.3483384751995
518.7870468699078
520.124984979572
521.0086371644908
522.3485426417882
523.6888389110464
525.4759747124506
