384.51657961653615
382.48790830560904
382.48790830560904
382.48790830560904
382.48790830560904
382.48790830560904
382.48790830560904
381.87170620510756
381.25713108084943
380.46813269970454
377.94311741318955
381.849446771892
381.22172026263144
382.00130889828114
381.37645443839347
381.37645443839347
380.7532009057836
381.5363678602605
381.5363678602605
380.9160012391183
381.08398024582453
381.08398024582453
380.64419081341566
380.82541931966676
380.2170432792302
379.610326519182
379.80258029665885
379.2004746832472
378.6000528261981
378.00132274900835
378.00132274900835
376.60191183795126
376.0053191113126
375.41044204976504
375.41044204976504
374.0120318920235
372.61374102413345
372.61374102413345
372.61374102413345
371.21557079411417
370.62379848034584
369.8175225702536
369.8175225702536
369.2262179206672
369.2262179206672
368.41959774148825
368.41959774148825
367.8287645087045
367.8287645087045
367.8287645087045
367.8287645087045
367.23970373585695
367.23970373585695
367.23970373585695
367.23970373585695
367.23970373585695
366.6524239658044
366.6524239658044
366.6524239658044
366.6524239658044
366.6524239658044
366.6524239658044
366.06693377031473
366.06693377031473
366.06693377031473
366.06693377031473
366.87872655688284
366.2963281279243
366.2963281279243
367.1103376370652
367.1103376370652
366.5310355208683
366.5310355208683
366.5310355208683
366.5310355208683
367.3472471654034
367.3472471654034
367.3472471654034
366.77104574925215
366.77104574925215
366.77104574925215
366.77104574925215
366.77104574925215
367.589444897429
367.589444897429
367.589444897429
367.0163484097132
367.0163484097132
367.0163484097132
366.44508456247576
366.44508456247576
365.8756619399547
365.3080891521566
365.3080891521566
365.3080891521566
364.7423748346221
364.7423748346221
364.1785276481852
363.61655627872614
363.61655627872614
363.61655627872614
363.0564694369183
362.49827585796874
362.7740343519641
362.7740343519641
362.22092705971585
362.22092705971585
361.6697388502389
361.6697388502389
361.1204785109812
360.5731548521049
360.5731548521049
360.5731548521049
360.02777670618696
360.02777670618696
359.48435292791254
360.3248534309006
359.784657816311
359.784657816311
359.784657816311
359.2464335243984
359.2464335243984
360.0902664610639
359.5552808679077
359.5552808679077
359.5552808679077
359.5552808679077
360.40116536992497
360.40116536992497
360.40116536992497
359.86942076258714
359.86942076258714
359.86942076258714
359.86942076258714
359.86942076258714
360.7173408640067
360.7173408640067
360.7173408640067
360.7173408640067
360.7173408640067
360.1888393606887
360.1888393606887
360.1888393606887
360.1888393606887
360.1888393606887
360.1888393606887
360.1888393606887
360.1888393606887
359.6623416483855
359.6623416483855
359.6623416483855
359.13785653979727
358.6153928653928
358.6153928653928
358.0949594730426
358.0949594730426
357.57656522764466
357.9175882797603
357.9175882797603
357.9175882797603
357.4045327076868
356.8935415498577
356.8935415498577
356.384623686264
356.384623686264
355.87778801155883
356.7408022640528
356.23728047468586
356.23728047468586
355.735857062512
355.735857062512
356.6020190632689
356.10391741737413
355.607930170293
355.607930170293
356.4772082475961
355.9845502265513
355.9845502265513
355.9845502265513
356.8557131390781
356.8557131390781
356.36638449775256
356.36638449775256
356.36638449775256
356.36638449775256
356.7534162415267
356.7534162415267
356.7534162415267
357.62829865658
357.62829865658
357.62829865658
357.62829865658
357.62829865658
358.50383540486706
358.50383540486706
358.50383540486706
358.50383540486706
358.50383540486706
358.0223456713282
358.0223456713282
358.0223456713282
358.0223456713282
358.0223456713282
358.0223456713282
357.54300440646296
357.54300440646296
358.42153953131776
358.42153953131776
358.42153953131776
357.94552658190884
357.4716771997468
357.4716771997468
357.4716771997468
357.4716771997468
357.4716771997468
357.4716771997468
357.0
357.0
356.5305036038291
356.0631966379002
356.0631966379002
355.59808773389096
355.1351855279902
356.02247120090607
356.02247120090607
355.5629339512205
355.5629339512205
355.10561809129405
355.10561809129405
355.99578649191903
355.5418400132395
355.5418400132395
355.09012940378955
355.9831456684431
355.53480842246654
355.53480842246654
356.4295161739555
356.88093252512107
356.88093252512107
356.88093252512107
356.88093252512107
357.33737559902687
357.33737559902687
357.7988261579403
357.7988261579403
358.69903819218695
358.69903819218695
358.2652648527345
359.1670920337775
359.1670920337775
358.7366722263003
358.7366722263003
359.6400978756401
359.6400978756401
359.6400978756401
359.21302871694394
359.21302871694394
360.1180362047977
360.1180362047977
359.69431466176945
359.69431466176945
359.69431466176945
359.2728767942273
359.2728767942273
360.18051030004386
359.76242160625947
359.76242160625947
359.76242160625947
359.3466293149276
359.3466293149276
358.93314140658566
358.93314140658566
358.93314140658566
358.5219658542556
359.43427771986353
359.43427771986353
359.02646142032484
359.02646142032484
359.02646142032484
358.62096982747676
359.53581184633055
359.133679846377
359.6512199339799
359.25478424093393
359.78048863160996
360.70070695799865
361.23261203828207
360.84622763720284
361.7692634815733
362.3106401970552
362.8567210346255
363.78290229201264
363.40748478808194
364.89176477415873
365.8209944768069
367.3145790735783
366.95095040073136
367.88313361718554
368.4562389212591
369.0338737839658
369.0338737839658
369.616016968962
370.20264720825537
370.20264720825537
370.7937432050331
371.38928363645607
371.38928363645607
371.0485143481914
371.6517186829626
371.6517186829626
372.5936123982804
372.2593182178251
373.2023579775455
372.87129146664
372.87129146664
372.54261501202785
372.21633494514987
372.21633494514987
371.8924575734227
371.8924575734227
371.5709891797259
371.5709891797259
371.5709891797259
371.25193602188796
371.25193602188796
371.25193602188796
371.8843906377357
371.8843906377357
371.8843906377357
371.5709891797259
371.5709891797259
371.5709891797259
371.2600166998865
371.2600166998865
371.2600166998865
370.95147930693037
370.95147930693037
370.6453830819966
370.6453830819966
370.6453830819966
371.29503093900945
371.29503093900945
371.94892122440683
371.94892122440683
372.6070316030013
372.6070316030013
373.56257842562337
373.2693397534815
373.2693397534815
373.2693397534815
373.2693397534815
373.9358233708025
374.8933181586463
374.8933181586463
375.5649078388448
376.52357163927996
376.52357163927996
377.2002120890178
377.2002120890178
378.1600190395595
378.8416555765746
378.8416555765746
379.80258029665885
379.80258029665885
380.48915884687176
380.48915884687176
380.48915884687176
381.17974762571004
381.17974762571004
381.17974762571004
381.87432487665365
381.87432487665365
382.8380858796575
382.5728688759829
382.5728688759829
383.5374818710682
383.275357934736
383.0156654759698
383.9817704006272
383.7251620626409
383.7251620626409
383.7251620626409
383.4709897762802
383.4709897762802
383.2192583887193
383.2192583887193
382.9699727132664
382.9699727132664
382.9699727132664
382.7231375289453
382.7231375289453
382.7231375289453
382.7231375289453
382.7231375289453
382.4787575800779
382.4787575800779
382.4787575800779
382.4787575800779
382.4787575800779
382.4787575800779
382.4787575800779
382.4787575800779
382.4787575800779
383.20751558391964
383.20751558391964
383.20751558391964
384.17834400184506
383.94009949469984
383.94009949469984
384.9116781808523
384.9116781808523
385.88340207891815
386.62126170194006
387.5938596004844
387.5938596004844
388.56659660861226
388.56659660861226
389.30964539810725
389.30964539810725
390.2832304878087
390.2832304878087
391.2569488200817
391.2569488200817
392.0051020076142
392.0051020076142
392.9796432386797
392.9796432386797
393.7321424522006
394.70748662775577
394.70748662775577
395.6829538911172
395.6829538911172
395.4642841016114
396.44041166359415
396.44041166359415
396.44041166359415
397.20146021886677
398.1783519981969
398.1783519981969
397.96607895648594
398.94360503710294
398.94360503710294
399.9212422465203
399.71239660535923
400.6906537467526
400.6906537467526
401.46357244462416
401.46357244462416
401.46357244462416
402.4425424827748
402.4425424827748
403.21954317716296
403.21954317716296
404.19920831194116
405.1789728009093
405.1789728009093
406.15883592506026
406.94102766862915
406.94102766862915
407.9215610874228
408.90218879335924
408.90218879335924
408.7077195258245
409.68890636676997
410.67018396762137
410.67018396762137
410.67018396762137
411.4608122288197
411.4608122288197
412.4427232962172
413.42472107990835
413.42472107990835
414.406804963432
414.2197484427801
415.20236030157633
415.20236030157633
416.0012019213406
416.0012019213406
416.0012019213406
416.9844121786808
416.80331092734855
416.80331092734855
416.80331092734855
417.78702708437464
417.6086684924057
417.6086684924057
417.6086684924057
418.59288097147567
418.59288097147567
418.59288097147567
418.4172558583119
418.4172558583119
419.40195516950087
419.40195516950087
419.40195516950087
419.40195516950087
419.40195516950087
419.40195516950087
420.38672671719786
420.38672671719786
420.38672671719786
420.38672671719786
420.38672671719786
420.38672671719786
421.37156999493925
421.37156999493925
421.37156999493925
422.35648450094857
422.35648450094857
423.3414697380827
423.3414697380827
424.3265252137792
424.3265252137792
424.3265252137792
425.3116504400038
425.3116504400038
426.2968449331991
426.2968449331991
427.2821082142336
427.2821082142336
428.0981195940949
428.0981195940949
429.0839078781678
429.0839078781678
430.0697617828996
430.88977708922266
430.88977708922266
430.88977708922266
431.8761396511736
431.8761396511736
431.8761396511736
432.69966489471653
432.69966489471653
433.6865227327222
434.6734406425127
434.6734406425127
434.6734406425127
435.500861078368
435.500861078368
436.4882587195216
436.4882587195216
437.47571361162437
437.47571361162437
438.306970056375
438.306970056375
438.306970056375
439.2948895673611
439.2948895673611
440.2828636229214
440.2828636229214
440.2828636229214
441.2708918566916
442.25897390556133
442.25897390556133
442.25897390556133
443.40162381299416
444.3894688221133
444.3894688221133
445.3773680823937
445.3773680823937
446.3653212336281
446.3653212336281
447.3533279187716
448.34138778390735
448.34138778390735
448.34138778390735
449.32950047821254
449.32950047821254
450.3176656539248
451.30588296630924
451.30588296630924
451.30588296630924
452.142676596669
452.142676596669
453.1313275420273
453.1313275420273
453.1313275420273
453.1313275420273
454.1200281863816
453.97136473570663
453.97136473570663
453.97136473570663
454.9604378404786
454.9604378404786
454.81424779793343
455.80368581221455
455.80368581221455
455.80368581221455
455.80368581221455
456.7931698263449
456.7931698263449
456.649756377905
456.649756377905
457.63959618896615
457.63959618896615
457.63959618896615
457.63959618896615
457.63959618896615
457.63959618896615
458.6294800816886
458.6294800816886
458.6294800816886
459.6194077712559
459.6194077712559
459.6194077712559
460.6093789752875
460.75155995395176
460.75155995395176
461.74126954388646
461.74126954388646
461.74126954388646
461.74126954388646
462.73102338183463
462.73102338183463
463.7208211844709
463.7208211844709
463.8642042667229
463.8642042667229
464.85374043886105
464.85374043886105
465.70054756248675
465.70054756248675
465.70054756248675
466.6904755831214
466.6904755831214
466.6904755831214
467.68044645890427
467.68044645890427
467.68044645890427
468.6704599182671
468.6704599182671
469.52103254273925
469.52103254273925
469.52103254273925
470.5114238783156
470.5114238783156
471.5018557757753
471.3650390090466
471.3650390090466
472.3557981013888
472.3557981013888
472.3557981013888
473.3465960583217
474.2035427957071
474.2035427957071
475.19469694010684
475.19469694010684
476.1858880731347
476.1858880731347
476.1858880731347
476.1858880731347
476.1858880731347
477.0461193637361
477.0461193637361
478.0376554205746
479.0292266657641
479.0292266657641
480.02083288124066
481.0124738507308
481.0124738507308
482.0041493597332
482.0041493597332
482.99585919550077
482.99585919550077
483.98760314702275
483.98760314702275
483.98760314702275
484.97938100500727
484.97938100500727
485.9711925618637
485.9711925618637
486.96303761168565
486.96303761168565
486.96303761168565
487.95491595023407
487.95491595023407
487.95491595023407
488.9468273749202
488.9468273749202
488.9468273749202
488.9468273749202
489.9387716847892
489.9387716847892
489.9387716847892
489.9387716847892
489.9387716847892
489.9387716847892
489.9387716847892
489.9387716847892
489.9387716847892
489.9387716847892
489.9387716847892
489.9387716847892
489.9387716847892
489.9387716847892
489.9387716847892
489.9387716847892
489.9387716847892
490.9307486805038
490.9307486805038
490.9307486805038
490.9307486805038
490.9307486805038
490.9307486805038
490.9307486805038
490.9307486805038
491.92275816432806
491.92275816432806
491.92275816432806
491.92275816432806
491.92275816432806
491.92275816432806
491.92275816432806
492.9147999401114
492.9147999401114
492.9147999401114
493.9068738132726
493.9068738132726
493.9068738132726
494.8989795907848
494.8989795907848
494.8989795907848
495.8911170811593
495.8911170811593
496.88328609443084
496.88328609443084
497.87548644214246
497.87548644214246
497.87548644214246
497.87548644214246
498.86771793733055
498.86771793733055
498.86771793733055
498.86771793733055
498.86771793733055
498.86771793733055
498.86771793733055
498.86771793733055
498.86771793733055
498.86771793733055
498.86771793733055
498.86771793733055
498.86771793733055
498.992985922648
498.992985922648
498.992985922648
499.98499977499324
499.98499977499324
499.98499977499324
499.98499977499324
500.1119874588091
501.10378166603374
501.10378166603374
501.10378166603374
501.10378166603374
501.10378166603374
501.10378166603374
501.10378166603374
502.09560842532767
502.09560842532767
503.08746754416376
503.08746754416376
503.08746754416376
503.9533708588524
503.9533708588524
504.9455416181036
504.9455416181036
504.9455416181036
505.9377432056241
505.9377432056241
506.92997544039554
506.92997544039554
506.92997544039554
507.9222381428086
507.799172902044
507.799172902044
507.799172902044
507.799172902044
508.7917059072406
508.7917059072406
508.7917059072406
508.7917059072406
508.7917059072406
509.7842680977906
509.7842680977906
509.7842680977906
509.7842680977906
509.7842680977906
509.7842680977906
509.7842680977906
509.7842680977906
509.7842680977906
509.7842680977906
509.7842680977906
509.7842680977906
509.7842680977906
510.7768593035515
510.7768593035515
510.7768593035515
510.7768593035515
510.7768593035515
510.7768593035515
510.7768593035515
511.76947935569586
511.8915900852445
511.8915900852445
512.8840024800929
514.0
514.0
514.9922329511388
515.1174623326218
516.1094845088588
517.1015374179427
517.1015374179427
517.1015374179427
518.2200304889806
518.2200304889806
519.2119027911436
520.203806214449
520.331625023888
521.3233161867978
521.3233161867978
522.3150390329575
522.3150390329575
522.3150390329575
523.4357649224975
523.4357649224975
523.4357649224975
524.4273066879717
524.4273066879717
524.5579091006064
524.5579091006064
524.5579091006064
525.5492365135735
525.5492365135735
525.5492365135735
525.5492365135735
525.5492365135735
526.5405967254567
526.672573806535
526.672573806535
526.672573806535
526.672573806535
526.672573806535
526.672573806535
527.6637186693813
527.7973095801077
527.7973095801077
527.7973095801077
527.7973095801077
528.9234349128426
528.9234349128426
528.9234349128426
529.0604880351584
529.0604880351584
530.0509409481319
530.0509409481319
530.1895887321817
530.1895887321817
531.1798188937528
531.1798188937528
531.3200542046197
532.3100600214127
532.3100600214127
532.4518757596784
533.4416556662968
533.5850447679358
534.5745972266172
534.5745972266172
535.5641884965797
535.7088761631638
535.7088761631638
536.6982392369105
536.6982392369105
537.6876416656794
537.8336173948222
538.8227909062496
538.8227909062496
538.8227909062496
539.8120043126125
539.9592577222841
540.9482415166908
540.9482415166908
541.9372657420784
542.9263301774929
542.9263301774929
544.063415421401
544.063415421401
544.063415421401
545.0522910693982
546.0412072362304
546.0412072362304
546.0412072362304
547.030163702149
547.030163702149
547.1791297189615
547.1791297189615
548.1678575035205
548.1678575035205
548.1678575035205
549.156626109528
549.156626109528
550.1454353168806
550.2953752304302
550.2953752304302
550.2953752304302
551.2839558702938
551.2839558702938
551.2839558702938
551.2839558702938
552.2725776281129
552.2725776281129
552.4237503945681
552.4237503945681
553.4121429820636
553.4121429820636
553.4121429820636
553.4121429820636
553.4121429820636
553.4121429820636
553.4121429820636
553.4121429820636
554.4005772002768
554.4005772002768
554.4005772002768
554.4005772002768
554.5529731233978
555.5411775917245
555.5411775917245
556.6830336915255
556.6830336915255
556.6830336915255
557.6710499927354
557.826137788469
558.8139225180417
559.9580341418454
559.9580341418454
561.1033772844359
561.1033772844359
561.2628617679954
563.2370726434829
563.3977280749364
564.3846206267496
564.5467208300832
565.533376557034
566.6833330882425
566.6833330882425
566.6833330882425
567.8344829261429
567.8344829261429
567.8344829261429
568.8207098902078
568.9868188279936
569.9728063688652
570.1403336021755
570.1403336021755
570.1403336021755
571.1260806511991
571.1260806511991
571.2950201078248
571.2950201078248
571.2950201078248
572.2805256165896
572.2805256165896
572.2805256165896
572.2805256165896
572.2805256165896
572.2805256165896
572.2805256165896
572.2805256165896
572.2805256165896
572.2805256165896
572.2805256165896
573.2660813269873
573.2660813269873
573.2660813269873
574.4214480675316
574.4214480675316
575.4068126117382
576.3922275673051
577.37769267612
577.37769267612
577.37769267612
578.3632076818164
578.3632076818164
578.3632076818164
579.518765873893
579.518765873893
580.5040912861855
580.5040912861855
581.4894668005604
581.6605539315865
581.6605539315865
582.645689935144
582.645689935144
582.645689935144
583.6308764964376
583.8030489814181
583.8030489814181
583.8030489814181
583.8030489814181
584.7879957728271
584.7879957728271
584.9615371971049
584.9615371971049
584.9615371971049
584.9615371971049
585.9462432681005
585.9462432681005
585.9462432681005
585.9462432681005
585.9462432681005
585.9462432681005
585.9462432681005
585.9462432681005
585.9462432681005
585.9462432681005
585.9462432681005
586.1211478866805
587.1056123049754
587.1056123049754
587.1056123049754
588.0901291468851
588.0901291468851
589.2503712345033
589.2503712345033
590.234699081645
591.2190795297458
591.2190795297458
592.379945642997
592.379945642997
593.3641377771326
594.5258615064613
594.5258615064613
595.5098655773891
596.6724394506588
596.6724394506588
597.8360979398952
597.8360979398952
597.8360979398952
599.0008347239593
600.1666435249464
600.1666435249464
601.33351810788
601.33351810788
601.33351810788
601.5189107584233
601.5189107584233
602.5014522804074
602.5014522804074
602.6881448975083
602.6881448975083
602.6881448975083
602.8764384183545
602.8764384183545
602.8764384183545
602.8764384183545
603.8584271168202
604.0480113368473
604.0480113368473
604.0480113368473
604.0480113368473
604.2391910493724
604.2391910493724
604.2391910493724
604.4319647404495
605.413082118317
605.413082118317
605.413082118317
605.6071333793881
606.7833221175414
606.7833221175414
606.7833221175414
607.9605250343151
608.1586963942882
609.1387362497971
609.1387362497971
609.3381655534142
610.3179499244635
610.3179499244635
610.5186319843154
611.4981602588841
611.7000899133496
612.6793614934323
612.8825336065631
613.8615479079953
614.0659573694018
614.0659573694018
615.2503555464231
615.4575533698486
615.4575533698486
616.4357225210103
616.644143732834
616.644143732834
616.8541156545849
616.8541156545849
617.831692291679
618.0428787713681
618.0428787713681
618.0428787713681
618.0428787713681
618.255610568962
619.2325895816531
619.4465271514564
619.4465271514564
619.4465271514564
619.4465271514564
619.6620046444674
619.6620046444674
619.6620046444674
619.8790204547981
619.8790204547981
619.8790204547981
619.8790204547981
619.8790204547981
619.8790204547981
619.8790204547981
619.8790204547981
620.0975729673517
620.0975729673517
620.0975729673517
619.1219589063209
619.1219589063209
619.3423931881298
619.3423931881298
619.3423931881298
619.3423931881298
619.3423931881298
619.3423931881298
618.3672048225068
618.3672048225068
618.589524644574
618.589524644574
618.589524644574
618.8133805922429
620.0129030915405
620.4675656309522
621.4410671978478
621.6703306415708
622.873984044927
623.1059299990652
624.3116209073798
624.5462352780617
625.7539452532441
626.2299897002698
627.2009247442162
627.4408338640385
627.6822444517608
627.9251547756309
629.1390943185776
629.3846200853656
629.6316383410224
630.8486347769963
630.8486347769963
631.0982490864635
631.3493486177047
632.3171672507398
632.5693637855061
632.5693637855061
632.5693637855061
632.8230400356802
632.8230400356802
632.8230400356802
633.078194222483
633.078194222483
633.078194222483
634.3011902873902
634.3011902873902
634.3011902873902
634.3011902873902
634.5589019153383
634.5589019153383
634.8180841784518
635.7837682734595
636.0440236335846
636.0440236335846
637.270743091192
637.270743091192
637.270743091192
638.4982380555173
638.7620840344235
638.7620840344235
639.991406192302
640.257760593341
641.4888931228661
641.7577424542691
641.7577424542691
642.990668672571
643.2619994994263
643.5347698454218
644.7705018066506
644.7705018066506
645.3224000451247
645.3224000451247
645.6004956627589
646.8400111310369
647.1205451845892
647.1205451845892
647.4025023121242
647.6858806551213
647.9706783489512
648.2568935229305
648.2568935229305
648.5445243003752
648.5445243003752
648.8335687986558
648.8335687986558
649.1240251292506
649.1240251292506
649.4158913978007
649.4158913978007
649.4158913978007
649.7091657041634
649.7091657041634
649.7091657041634
649.7091657041634
650.959292122019
651.2549423996719
651.5519933205638
652.8047181202047
652.8047181202047
653.1041264607046
654.3584644520158
654.3584644520158
654.6602172119518
655.916153178133
656.2202374203343
656.5257039903312
657.4777562777314
657.7841591282053
657.7841591282053
659.3519545735797
659.3519545735797
659.6620346813966
660.9235961894536
660.9235961894536
660.9235961894536
661.2359639342071
661.5496957901198
662.8136993152751
663.1297007373445
663.1297007373445
663.4470589278394
663.4470589278394
664.0858378252017
664.0858378252017
664.0858378252017
664.4072546262571
665.3540410939127
665.3540410939127
665.6763477847173
666.0
666.3249957790867
666.3249957790867
667.5964349814939
667.5964349814939
667.9236483311547
668.8684474543555
668.8684474543555
669.196533164959
669.5259517001563
670.4699844139184
670.8002683362612
671.1318797375073
671.1318797375073
672.741406485434
673.0765186811972
673.0765186811972
674.3545061760914
674.3545061760914
675.030369687172
675.030369687172
675.3702688155587
676.6513134547216
676.9933529954337
677.3366961858777
677.6813410445945
678.9653893977218
679.3121521068205
679.3121521068205
679.660209222226
680.0095587563458
680.0095587563458
680.7121271139512
680.7121271139512
681.065341945984
681.4198412139172
681.4198412139172
681.4198412139172
681.7756229141667
681.7756229141667
681.1989430408711
681.5577745136504
681.5577745136504
681.9178836194282
681.9178836194282
680.9853155538672
681.3471949013954
681.3471949013954
681.7103490486264
680.7789655974984
681.1438908189664
681.5100879664218
681.5100879664218
681.8775549906303
681.3171067865535
681.3171067865535
681.6876117401578
681.6876117401578
682.0593815790528
682.432414236018
682.8067076413354
683.1822597228356
682.6331371974261
682.6331371974261
683.0117129303128
683.3915422362205
683.3915422362205
684.1549532087012
683.2312931943326
683.6153889432273
684.0007309937614
684.0007309937614
683.4654343856754
683.4654343856754
683.8537855419096
682.9326467522255
683.3227641459049
682.4023739700793
682.794258909666
682.794258909666
682.2682756804687
681.349396418607
681.7448202956881
680.8267033540915
680.8267033540915
680.3065485499901
680.7055163578448
679.788937832913
679.2738770186883
679.2738770186883
678.7613719121028
679.1656646209377
679.1656646209377
678.1519003881062
678.1519003881062
677.6488766315488
678.0597318820813
678.4718122368828
677.9749257900324
677.4806270292901
678.3155607827377
678.3155607827377
677.8274116617002
678.2484795412372
679.0942497179607
679.5189474915325
679.94485070482
680.371957094059
679.8970510305219
679.8970510305219
680.3271271969096
681.1908689934122
681.1908689934122
681.624530075026
682.0593815790528
682.0593815790528
682.9326467522255
682.9326467522255
682.4727100771137
682.4727100771137
682.9128787773737
683.3542273228431
683.3542273228431
682.9004319811198
683.3447153523615
683.3447153523615
683.7901724944576
683.7901724944576
682.8953067637821
683.3425202634473
683.3425202634473
683.3476421266118
683.3476421266118
683.7989470597333
684.2514157822401
684.2514157822401
684.2696836774226
684.2696836774226
684.2952579113785
684.7547006045304
683.8669461232938
684.7904789057745
684.7904789057745
684.3683218852258
684.8839317723844
684.0007309937614
684.4705983459041
685.4137436614471
685.006569311565
685.0788275811769
685.5567080847507
685.1583758518901
686.1209805857856
686.1209805857856
686.213523620746
685.8257796262839
685.8257796262839
685.440734126591
685.9300255857007
685.5494147032729
685.1715113750716
685.1715113750716
684.7963200835705
684.7963200835705
684.4238452888677
684.4238452888677
684.0540914284484
683.6870629169459
682.8213529174377
682.9611994835432
682.0975003619351
681.739686390634
681.384619726627
681.384619726627
681.0323046669666
681.0323046669666
680.6827454842675
680.3359464264695
679.4777406214275
679.1347436260348
679.1347436260348
678.7945197185965
678.7945197185965
678.4570730709497
677.6023907868095
677.2687797322419
677.2687797322419
676.937958752499
676.0857933724092
675.7588327206681
675.7588327206681
675.4346748576061
675.4346748576061
674.5850576465506
674.2647847841381
674.2647847841381
673.9473273186859
673.1002897042906
672.2536723588797
671.9412176671409
671.096118301991
670.787596784556
669.9440275127467
669.639455229454
667.9558368634861
667.6563487303929
667.359723087931
666.2281891364249
664.5539857678983
664.2665127793211
663.9819274648972
662.8672566962408
662.0347422907653
660.9273787641121
659.8257345693634
659.557427370809
658.4656407133177
657.6397189951349
656.5554051258736
655.4769256045555
654.404309276765
653.583965531591
653.3375850201793
652.2767817422294
652.0375756043512
650.9869430334221
650.1730538864249
649.9423051317709
649.1301872506008
648.9036908509613
647.2835545570426
646.4742840979833
646.2545937941177
645.4471318396263
644.6402097294273
643.0279931698153
643.6210064937284
642.8164590301029
642.0124609382593
642.0124609382593
639.6037836035681
639.6037836035681
638.0007836985782
637.4025415700819
636.6011310074779
635.8002831078326
635.8002831078326
634.2002838220747
634.2002838220747
633.4011367214302
632.6025608547598
631.8045583881142
631.0071314969427
630.2102823661321
628.8091920447729
628.0127387243033
627.2168683956132
626.4215832807806
625.626885611544
624.832777629343
624.0392615853589
623.2463397405555
622.45401436572
621.6622877415036
620.0806399170998
619.2907233279052
617.7127163981652
616.9246307289084
616.1371600544801
614.5640731445338
612.993474679788
612.2091146005587
610.6422848116563
610.6422848116563
608.2968025561206
606.7363513091992
605.9570941906695
604.400529450463
603.6232268559586
601.295268566118
600.3807125482963
599.6082054141688
598.0652138354144
597.2947346160017
595.7558224642039
594.2196563561323
593.3295880031603
592.564764392889
591.8006421084722
590.1609949835722
589.4005429247584
587.8817908389407
586.3659267044769
586.3659267044769
585.5083261577072
584.7537943442522
584.0
583.2469459842889
582.494635168428
581.743070435738
581.743070435738
580.9922546815922
580.9922546815922
580.2421908134568
580.2421908134568
578.8307179132773
578.0813091598793
578.0813091598793
577.3326597378673
577.3326597378673
575.9210015271192
575.1730174477937
575.1730174477937
573.7612743990309
573.013961435496
572.2674200057172
570.8554983531296
570.8554983531296
570.1096385784053
568.6976349520015
568.6976349520015
566.5403780843868
566.5403780843868
565.795899596312
564.3837347053865
563.6399560002822
562.8969710346646
561.4846391487482
560.7423650840018
560.7423650840018
559.3299562869845
559.3299562869845
557.9175566335944
557.1759147701918
557.1759147701918
555.7634388838475
555.0225220655465
555.0225220655465
554.2824189887318
553.6099710084709
552.1974284619587
552.1974284619587
552.1974284619587
551.5260646605924
550.7848944914884
550.1136246267674
549.4433546781688
548.7011937293375
548.031021019796
547.3618547176995
546.6936985186495
545.2815786362125
544.6145425895272
544.6145425895272
543.2025404947956
542.5366347077403
541.7905499360431
541.1247545621989
541.1247545621989
539.0482353185103
538.3846208799059
536.9729974589039
536.9729974589039
535.5613877045282
534.1497917251302
533.4013498295632
531.3266415304242
530.664677550711
529.9150875376167
528.5035477648187
527.7546778570513
525.6805113374472
525.6805113374472
524.2690149150529
521.4460662427132
520.0346142325528
518.6231772684287
518.6231772684287
517.2117554735198
516.5510623355642
514.3889578908163
512.9775823561883
511.5662224971465
510.9060579010588
509.4948478640388
508.08365452944855
507.3322382817792
505.9209424406149
505.26131852735375
503.19181233402435
502.4390510300727
501.0279433325052
500.3698632012124
499.61685319852853
498.20578077738116
497.54798763536365
496.1370778323265
496.1370778323265
494.7261868953371
493.3153149862672
493.3153149862672
492.65911135388535
491.9044622688434
491.248409666637
489.83772823252394
489.0828150732757
488.42706722703235
487.6720209321015
486.26124665656835
485.6058072140406
484.85049242008614
484.19520856778416
482.78463107269687
481.3740749147174
480.7202928939031
479.30992061504423
477.899571039774
477.24731534079893
476.59626519728414
475.83715701907937
474.5366160793074
473.88817246266024
473.240953426476
471.8315377335432
471.8315377335432
471.1857383240711
471.1857383240711
470.54117779425
469.2557937841578
468.61498055439927
467.97542670529185
467.97542670529185
466.7001178487102
466.7001178487102
465.4299087940095
464.79672976474353
464.16484140873916
464.16484140873916
463.53424900432117
462.9049578477206
462.2769732530488
461.6503005522687
460.2445002387318
458.9956426808429
458.9956426808429
456.9682702332844
456.34745534515696
456.34745534515696
454.9428535541579
453.70585184676645
452.30189033432083
450.2821337783679
448.8786027424341
448.26443088873333
447.4751389742228
445.4581910797017
444.05517675171853
442.6522337004525
442.04072210600685
440.6381735619373
440.6381735619373
439.2356998241377
437.8333016114695
437.2241987813575
435.21488945117676
434.60901969471365
433.2078023304751
432.60374478268216
432.001157405857
432.001157405857
431.40004636068363
431.40004636068363
430.80041782709543
430.20227800419656
429.60563311018166
429.60563311018166
428.4168530765334
427.8247304679803
428.6315434029558
428.04205400871535
428.04205400871535
427.4540911021908
428.2639373096922
427.6786176558281
427.6786176558281
427.09483724343943
427.09483724343943
427.09483724343943
426.5126023929422
425.9319194425325
425.3527947480773
424.7752346830027
424.19924563817887
423.6248340218028
423.0520062592778
421.65981549111365
421.08906421326117
419.9523782525823
419.38645662443605
417.9964114678498
417.9964114678498
417.43262929483603
416.8704834837794
416.30998066344745
415.7511274789282
415.1939305914767
414.6383966783588
415.47081726638754
414.9180642006323
414.36698710201324
414.36698710201324
414.65407269192474
414.65407269192474
414.65407269192474
414.1074739726391
414.1074739726391
414.1074739726391
414.40197875975446
414.40197875975446
414.701097177232
414.701097177232
414.16180412973864
414.16180412973864
413.62422559613213
413.62422559613213
413.93356954951116
413.93356954951116
413.93356954951116
413.40053217188773
413.40053217188773
412.8692286911196
412.33966580963323
411.8118502423164
411.2857887163134
410.7614879708174
410.23895475685873
409.71819583709
409.71819583709
409.1992179855675
408.6820279875297
408.6820279875297
408.16663263917104
408.5119337302155
408.0012254883556
407.49233121618374
407.49233121618374
406.98525771826183
406.98525771826183
407.84801090602366
407.3438351073942
407.3438351073942
407.7070026379238
407.7070026379238
408.0747480548141
408.0747480548141
407.5782133529711
408.4470589929618
407.9534287146022
407.9534287146022
407.9534287146022
408.3331972788889
408.3331972788889
408.3331972788889
407.8443330487749
408.23155194080726
408.23155194080726
408.23155194080726
407.74747086891904
407.74747086891904
407.265269818088
406.78495547401945
406.78495547401945
406.3065345278119
405.83001367567675
405.3553996186556
405.3553996186556
405.3553996186556
404.88269906233336
404.88269906233336
404.4119187165482
404.4119187165482
404.4119187165482
403.9430652950982
403.47614551544433
403.47614551544433
403.8972641650349
403.8972641650349
403.43524883182926
403.43524883182926
404.32289076924644
404.7530111067736
404.7530111067736
405.18761086686743
405.18761086686743
406.07881008493905
406.07881008493905
406.51937223212377
407.4125673073917
407.4125673073917
408.306257605734
407.85904427878023
408.7542048713383
408.7542048713383
409.20654931220247
409.20654931220247
409.20654931220247
410.1036454361263
410.1036454361263
410.5618102064536
410.5618102064536
410.1243713801949
411.02433018010015
410.58981964973265
411.4911906711977
411.0596063833079
411.0596063833079
410.6300037746877
410.6300037746877
411.10704202190453
411.10704202190453
410.68235900754246
410.25967386522404
410.25967386522404
410.7468806941813
410.3291361821629
410.3291361821629
409.9134054895009
409.49969474958095
410.41076983919413
410.41076983919413
410.0
410.50456757507584
410.50456757507584
410.50456757507584
411.01338177728474
410.61052105371095
411.5264268549469
411.1265012134343
412.0436870041816
412.0436870041816
411.6466931726769
412.56514637084894
412.56514637084894
412.1710809845834
413.09078905247935
413.09078905247935
412.69964865504795
412.69964865504795
412.69964865504795
412.69964865504795
413.6205991001899
413.2323801446348
413.2323801446348
413.2323801446348
412.84621834285946
413.7692593704854
413.7692593704854
413.38601814768725
413.38601814768725
413.0048425866215
413.0048425866215
412.62573841194154
412.62573841194154
412.24871133819204
412.8014050363685
412.8014050363685
412.4293878956736
412.0594617285229
411.6916321714591
412.62210314039163
412.2572012712452
411.894403943535
412.46696837443847
412.1092088269807
412.68874469750205
412.68874469750205
413.27230732290786
413.27230732290786
413.85987966943594
414.4514446832101
415.04698529202693
415.04698529202693
415.6464844071221
415.3083192039379
416.24992492491816
417.1918024122718
417.1918024122718
417.80019147913276
417.80019147913276
418.74335815628166
418.74335815628166
419.68678797407955
420.63047916193614
420.30108255868197
420.30108255868197
421.24577149213025
421.24577149213025
421.24577149213025
422.19071519871204
422.19071519871204
422.19071519871204
423.1359119715555
423.1359119715555
423.1359119715555
424.08136011855083
424.08136011855083
424.08136011855083
425.02705796219607
424.7034259339098
424.7034259339098
425.6500910372274
425.6500910372274
425.6500910372274
425.6500910372274
426.5969995206249
426.5969995206249
427.22476519977164
428.1728622881184
428.1728622881184
428.1728622881184
429.12119500206467
428.8053171312128
428.8053171312128
429.75458112741507
429.75458112741507
429.4414977619187
430.3916820757576
430.08138764657093
430.08138764657093
430.08138764657093
431.0324813746639
431.0324813746639
430.72497025364106
431.3722290551398
431.3722290551398
431.3722290551398
431.06959994877855
432.0231475279999
432.0231475279999
431.723291009415
431.723291009415
431.723291009415
432.3806193621541
432.3806193621541
432.0856396595471
433.0415684434925
433.0415684434925
433.7061216999364
433.7061216999364
433.7061216999364
434.66308791982783
435.332057170156
436.2900411423575
436.2900411423575
437.2482132610721
438.20657229210974
438.20657229210974
439.16511701181366
440.12384620695116
441.0827586746052
442.04185322206763
443.00112866673373
443.00112866673373
443.6800649116433
443.6800649116433
443.6800649116433
444.6403040661069
444.6403040661069
444.6403040661069
445.3234779348603
446.28466251933867
446.28466251933867
446.97203491941195
447.9341469457313
447.66281954167243
447.66281954167243
448.6256791580259
449.32059823693817
449.32059823693817
449.32059823693817
450.01888849247206
450.01888849247206
450.98336998164353
450.98336998164353
451.68573145495753
451.68573145495753
451.68573145495753
452.6510797512804
452.6510797512804
452.39142343771283
452.39142343771283
453.35747484738795
453.35747484738795
455.03406465890004
455.03406465890004
455.03406465890004
456.00109648990974
456.00109648990974
456.9682702332844
456.9682702332844
457.93558498985425
457.93558498985425
458.90303986790065
458.90303986790065
459.6194077712559
459.6194077712559
460.5876680937083
461.55606376690577
461.55606376690577
461.55606376690577
462.52459394068984
462.52459394068984
462.52459394068984
463.49325777189034
463.49325777189034
463.49325777189034
463.246154868014
463.246154868014
464.2154672132328
464.2154672132328
464.2154672132328
465.1849094714918
465.9109356947956
466.88114119120297
467.8514721575641
467.8514721575641
468.5819031930277
469.55297890653407
469.55297890653407
470.5241757869621
470.5241757869621
471.49549308556493
472.46693005966034
473.4384859725707
474.4101600935629
475.38195169779004
475.38195169779004
476.3538600662327
477.5615143622861
477.5615143622861
478.5331754434587
478.5331754434587
478.5331754434587
479.5049530505394
479.5049530505394
479.5049530505394
479.5049530505394
480.47684647649777
480.47684647649777
480.47684647649777
481.4488550199284
481.4488550199284
481.4488550199284
482.420977984996
482.420977984996
483.3932146813813
483.3932146813813
484.365564424227
485.10617394545704
485.10617394545704
485.10617394545704
485.10617394545704
486.0792116517636
487.05235858170323
486.8233765956602
487.79708896220365
487.79708896220365
488.77090748120435
489.74483151943525
489.74483151943525
489.74483151943525
490.493628908674
490.493628908674
491.4682085343873
491.4682085343873
491.4682085343873
492.44289008980525
492.44289008980525
493.41767297088177
493.41767297088177
494.3925565782721
494.3925565782721
495.36754031728805
495.36754031728805
495.36754031728805
496.342623597853
496.342623597853
497.5399481448701
497.5399481448701
497.5399481448701
498.5147941636236
498.5147941636236
498.5147941636236
498.5147941636236
499.48973963435924
499.48973963435924
499.71291758368625
500.6875273062032
500.6875273062032
500.6875273062032
500.6875273062032
501.66223696826137
501.8864413390742
501.8864413390742
502.86081573333985
502.86081573333985
503.8352905464245
505.0346522764552
505.0346522764552
506.0088932024812
506.98323443680067
507.20902988807285
508.1830378908765
508.1830378908765
508.1830378908765
508.1830378908765
509.1571466649565
510.13135563303695
510.35771768437087
510.35771768437087
511.33159495575865
511.33159495575865
511.33159495575865
512.3055728761888
512.3055728761888
512.3055728761888
512.3055728761888
512.5329257716035
513.5065724993206
513.5065724993206
513.5065724993206
513.5065724993206
513.5065724993206
513.5065724993206
513.7353404234519
513.7353404234519
513.7353404234519
513.7353404234519
514.7086554547145
514.7086554547145
514.7086554547145
514.7086554547145
514.9388313188276
515.911814169825
515.911814169825
516.884900147025
516.884900147025
517.858088669087
518.0887954781497
519.0616533707725
520.0346142325528
520.0346142325528
521.238908754901
522.2116429188457
523.4166600329035
524.6227215819002
525.594901040716
526.8016704605254
526.8016704605254
528.0094696120516
529.2182914450331
529.2182914450331
529.2182914450331
530.428128967535
530.428128967535
530.6684463956756
530.6684463956756
530.6684463956756
530.6684463956756
530.6684463956756
530.9105386032566
530.9105386032566
530.9105386032566
530.9105386032566
530.9105386032566
530.9105386032566
530.9105386032566
530.9105386032566
530.9105386032566
530.9105386032566
530.9105386032566
530.9105386032566
530.9105386032566
530.9105386032566
530.9105386032566
530.9105386032566
531.8806257046782
531.8806257046782
533.0938003766316
534.063666616631
534.063666616631
534.063666616631
535.0336438019575
536.0037313302959
537.2169021912844
537.2169021912844
538.1867705546096
539.1567490071881
540.1268369559135
540.1268369559135
541.0970338118664
541.0970338118664
542.3098745182499
542.3098745182499
543.2798542187994
543.2798542187994
544.2499425815312
544.4933424753694
544.4933424753694
545.4631059934302
545.4631059934302
545.4631059934302
546.6772356701896
546.6772356701896
546.6772356701896
546.6772356701896
547.8923251880792
547.8923251880792
547.8923251880792
547.8923251880792
548.8615490267103
548.8615490267103
550.0772672997858
551.0462775484469
551.2939324897382
552.2626186878848
553.47990026739
554.4483745129027
555.4169604900449
555.6662667465067
556.6345300104908
557.8530272392542
557.8530272392542
559.0724461105198
559.3254866354653
560.2927806067111
561.5140247580642
562.7361726422072
562.9928951594327
564.2171567756515
565.183156153826
565.442304749123
566.6683333308823
566.9303308167591
568.1584286094857
568.1584286094857
569.3873900957063
569.3873900957063
570.6172096949057
570.8844016085918
572.1162469288912
573.3489338962793
573.3489338962793
574.5824570938448
574.8547642665928
575.8168111474342
576.0902707041666
577.0519907252725
577.3265973433062
578.5637389259717
578.5637389259717
579.8016902355495
579.8016902355495
581.040446096483
581.040446096483
582.2800013739095
583.2400877854676
583.5203509732972
585.7209233073376
585.7209233073376
586.0034129593445
586.9625200981745
586.9625200981745
587.2461153553934
588.204896273399
588.4895920914829
588.4895920914829
588.4895920914829
589.448046904899
589.733838269435
590.9788490293032
592.2246195490357
592.5141348524945
593.7617367261047
594.0538696111659
595.3032840493995
595.5980188012717
596.8492271922617
598.1011620119125
598.3995320853786
599.65323312728
599.9541649159543
600.2566117919902
601.5130921268463
603.0762804156701
603.3837916285123
604.6436967338699
604.9537172379388
605.5782360686355
606.527822939723
606.8418245309069
607.1573107523288
607.7927278275054
608.1126540370625
608.434055588607
608.434055588607
608.7569301453577
609.0812753647907
609.4070888987098
609.7343683933193
611.007364931062
611.3370592398272
611.3370592398272
611.3370592398272
611.6682107155807
612.0008169929188
612.3348757011967
612.6703844645994
613.3457426280874
614.6259024805252
614.9666657632754
615.6524993858143
615.6524993858143
617.2819453053847
617.629338681381
618.9151799721833
620.5521734713367
620.9041794029091
621.6124194383507
622.9028816757874
623.2599778583573
624.551839321605
624.9111936907516
625.2719408385443
625.2719408385443
625.634078355711
625.9976038292798
626.3625148426429
626.7288089756206
627.6591431660978
628.0262733357579
628.3947803729754
628.7646618568826
629.1359153632861
629.5085384647297
629.5085384647297
629.8825287305563
629.8825287305563
631.1846005726059
631.5607650891559
631.9382881263011
632.3171672507398
633.6221271388807
634.0031545662845
634.3855294692653
634.3855294692653
635.1543119589129
635.1543119589129
635.5407146674397
635.9284550953826
635.9284550953826
636.3175307973213
636.3175307973213
636.7079393254022
637.0996782293961
637.4927450567575
637.4927450567575
636.9686020519379
637.3648876428634
637.7624949775583
636.8453501439733
637.2448509011273
636.7299270491375
635.8144383387341
636.2177300264431
635.7082664241515
635.201542819285
635.201542819285
635.6099432828281
634.6975657744404
635.107864854467
635.107864854467
634.6085407556378
634.6085407556378
634.5273831758564
634.9440920270067
634.4540960542378
634.4540960542378
634.8740032478886
635.2952069707436
635.2952069707436
634.8117831294564
635.2361765516822
635.2361765516822
635.6618597965431
636.0888302745144
635.1850124176419
635.6138765005056
636.0440236335846
636.4754512155201
636.4754512155201
636.0070754323414
636.4416705401997
635.9779870404321
635.9779870404321
635.5171122794413
635.5171122794413
635.9567595363698
635.500590086272
635.943393707333
635.0472423371351
635.0472423371351
634.5967223363197
635.0433056099403
634.5975102377885
634.1545552938968
634.606177089382
634.1679588247896
634.1679588247896
634.6227225682989
634.1892462033711
634.6471460583432
635.1062903168256
634.6794466500393
634.6794466500393
635.1417164696395
634.7196231408006
635.651634151915
635.2361765516822
635.2361765516822
635.2952069707436
635.7680394609342
635.3621014822965
634.9590537979594
634.5589019153383
635.0385815050925
634.1616513161293
634.6432068493289
634.2507390614535
634.7353779331983
633.8611835410021
633.4745456606761
633.9629326703573
633.0908307660126
632.7100441750549
632.7100441750549
632.3321911780231
631.9572770369845
631.9572770369845
631.5853069855251
630.7178449988553
631.216286228421
630.8502199413107
631.3517244769353
630.4871132703665
630.1269713319689
629.2638556281458
629.7697992123789
628.9077833832239
628.5546913356069
629.0643846221149
629.0643846221149
628.7161521704369
628.7161521704369
627.8574679017523
627.5133464716109
626.6562055864443
625.7994886543133
626.3162140644292
624.6054754803228
623.7507515025533
623.7507515025533
622.5640529294958
621.7113478134366
621.7113478134366
620.0072580220332
618.3049409474261
616.6044112719272
616.6044112719272
614.0570006115067
614.5868530972657
612.8923233325736
612.0457499239742
611.1996400522501
610.3539956451501
609.5088186400587
609.2002954693965
607.5137858518109
606.6712454039667
605.829183846404
604.9876031787759
604.6883494826075
603.8484909312931
603.0091209923777
603.0091209923777
601.3318551349163
601.3318551349163
599.6565683789347
599.6565683789347
597.9832773581549
597.9832773581549
595.7625365865161
594.9268862641862
593.2571112089597
593.2571112089597
591.0372238700368
590.2033547854502
588.5371695993381
588.5371695993381
585.4861228073643
585.4861228073643
583.2675200969106
582.4362626073346
580.7753438292641
579.945687112164
578.5576894312269
577.7283098481499
576.6324652670885
576.6324652670885
574.9791300560395
574.1532896361389
573.0698037761194
573.0698037761194
571.9930069502599
571.9930069502599
570.9229370063879
570.1034993753327
569.0421776986307
569.0421776986307
568.2253074265524
567.4090235447442
567.1728131707301
567.1728131707301
566.3585436805911
566.3585436805911
565.5448700147496
564.7317947486223
563.9193204705794
563.9193204705794
563.1074497820109
561.7116698093427
561.7116698093427
560.9001693706288
559.504244845381
558.108412407482
556.1294813260668
554.7341705718154
553.338955794728
552.5260174869596
551.9438377226437
551.1306560154316
550.5488170907281
549.7353908927457
548.9225810622114
548.3402228543881
547.5271682756938
546.1318522115332
545.3191725952793
545.3191725952793
544.5071165742464
543.6956869426132
543.111406619305
542.299732620255
541.4886887091918
541.4886887091918
540.0925846556311
539.2819299772615
538.4719119879885
537.0754136990447
536.2657923082545
535.4568143183911
534.6484826500492
533.2513478651507
532.4434242245837
531.046137355315
530.2386255262813
528.8411859906525
528.0340898086032
527.4438358725979
526.6364970261745
525.2389932211812
524.4320737712368
523.8415791057445
523.034415693652
521.6368468580416
521.0470228299937
520.2393679836234
519.649882132191
519.0616533707725
518.2528340491733
517.6649495571436
517.0783306231272
514.2859126983744
514.2859126983744
511.7225810925291
511.7225810925291
509.7460151879561
509.7460151879561
506.95660563799737
506.95660563799737
504.4055907699676
504.4055907699676
502.43606558446817
502.43606558446817
500.4687802450818
499.07614649470077
497.68363445064176
496.54103556503765
495.71967885086025
495.1494723818253
494.5806304335017
494.5806304335017
492.62257357940877
492.0569072780099
490.10305038838516
490.10305038838516
488.41990131443254
488.41990131443254
487.86166071951175
487.3048327279343
486.1954339563464
486.1954339563464
484.5420518386407
484.83089835529256
483.74063298424704
482.6561923357039
482.11616857350884
481.57761575887224
480.1968346417956
479.6602964599009
479.1252445864234
478.5916840063145
478.05961971285546
476.68123520860354
476.1512364784954
475.6227496661614
475.6227496661614
474.24571690211394
474.24571690211394
474.24571690211394
473.7193261837646
473.1944631966862
473.1944631966862
473.1944631966862
472.34309564129336
471.8188211591394
471.8188211591394
471.2960852797315
471.2960852797315
471.2960852797315
470.77489312834007
469.9212700016887
469.40068172085137
469.40068172085137
469.40068172085137
468.8816481800072
468.8816481800072
468.3641745479686
467.84826600084773
467.3339277219235
466.821164901507
466.3099827368057
465.45031958308937
464.93978104696527
464.4308344630016
463.0615509843157
462.0497808678195
460.6821029734062
460.17931287705665
460.17931287705665
458.8125979089938
458.31212072123947
456.9463863518345
456.9463863518345
456.4482446017292
456.4482446017292
456.4482446017292
455.0835088200846
455.0835088200846
455.0835088200846
454.58772530722825
454.58772530722825
454.58772530722825
454.58772530722825
454.0936026856137
454.0936026856137
453.6011463830311
453.6011463830311
452.62125447221325
452.62125447221325
452.133829745132
452.133829745132
451.648093099041
451.648093099041
450.6817058634619
450.6817058634619
450.2010661915407
450.2010661915407
450.12442724206824
450.12442724206824
449.64986378292167
449.17702523615344
448.7059170548122
448.7059170548122
447.76891361504767
447.76891361504767
447.3030292765744
446.83889714303075
447.2639041997465
447.2639041997465
447.2639041997465
446.80420767938165
447.6929751514982
447.2359556207439
448.12609832501386
448.5632619820754
449.45522580119143
449.89776616471437
450.79152609604364
450.79152609604364
451.68573145495753
452.1349356110408
453.0309040231141
453.9273069556402
454.38309827721366
454.38309827721366
455.2812317677943
455.2812317677943
455.2812317677943
455.7422517169107
455.7422517169107
455.7422517169107
456.20718977236646
456.20718977236646
455.7740668357514
456.24554792348385
456.24554792348385
455.81684918396775
455.81684918396775
455.38994279628093
455.38994279628093
454.9648338058668
455.44813096553594
455.44813096553594
455.44813096553594
455.02747169813824
455.02747169813824
455.02747169813824
455.51728836565576
455.51728836565576
455.51728836565576
455.51728836565576
456.0109647804535
456.0109647804535
456.92121859243963
457.83184686083166
458.7428473556836
459.6542178638199
460.5659561886875
461.88851468725653
462.8001728608147
463.7121952245811
464.62457963392336
464.62457963392336
465.537323960174
465.537323960174
465.537323960174
465.537323960174
466.45042609049034
466.45042609049034
467.3638839277164
466.9582422444217
467.8728459742027
467.46978511985134
467.98504249601825
467.98504249601825
467.5863556606416
468.10789354592174
468.10789354592174
468.6331187613611
468.2413907377262
468.2413907377262
468.77286610895044
468.77286610895044
468.77286610895044
469.3080012102926
470.2307943978148
470.2307943978148
469.8467835369313
470.7706447942565
471.69481659225386
471.69481659225386
472.2393460947531
472.2393460947531
473.1648761267049
473.1648761267049
474.09070862019644
474.09070862019644
474.6409169045585
474.6409169045585
475.5680813511353
475.5680813511353
476.49554037787175
476.122883297999
477.0513599184054
477.98012510982085
477.98012510982085
478.909177193338
478.5404894050241
479.4705413265762
479.4705413265762
480.4008742706449
480.0354153601586
480.0354153601586
480.96673481645274
480.6037869180808
481.53608379850414
481.53608379850414
481.17564360636544
481.17564360636544
481.7509730140667
481.39484833138795
481.9761404883026
482.9120002650586
482.560876988593
483.14904532659483
484.0867690817422
483.74063298424704
484.33562743205255
485.2751796661354
484.9340161300298
485.8744693848402
485.8744693848402
487.41871117141164
487.41871117141164
488.3605225650411
488.02561408188404
488.9683016310976
488.9683016310976
489.9112164464088
490.854357218106
490.854357218106
491.7977226462115
491.7977226462115
492.74131144039467
492.74131144039467
493.6851223198852
494.6291540133881
494.6291540133881
495.57340525899895
495.24539371911374
495.24539371911374
496.19048761539153
496.19048761539153
497.135796337379
497.135796337379
498.0813186619229
498.0813186619229
498.703318617392
498.703318617392
498.703318617392
499.6498774141749
500.27592386602015
500.27592386602015
502.17128551919416
502.80214796677234
502.80214796677234
503.7509305202324
503.7509305202324
504.6999108381138
505.64908780694935
505.64908780694935
506.2854925829892
506.2854925829892
507.235645435137
508.18598957468316
508.18598957468316
508.18598957468316
509.136523930468
510.39788400815297
510.39788400815297
511.3482179493735
511.3482179493735
512.2987409705396
512.2987409705396
513.2494520211395
514.5104469298947
514.5104469298947
514.5104469298947
515.772236554082
515.772236554082
515.772236554082
517.0348150753487
517.9845557543198
519.2475324929335
519.2475324929335
520.1970780386987
520.5112871014422
521.4604491234211
521.4604491234211
521.4604491234211
522.7245928785062
522.7245928785062
523.6735624413361
523.9895037116679
524.938091587951
525.8868699634932
526.2033827333306
526.2033827333306
527.1517807994202
527.1517807994202
528.4174486142562
528.4174486142562
529.365658123003
529.365658123003
529.6838679816481
530.6316990154282
530.9510335238081
530.9510335238081
532.2189399110107
532.2189399110107
533.4875818610964
533.8108279156578
533.8108279156578
533.8108279156578
535.0813022335951
535.0813022335951
535.4073215786276
536.6796064692602
536.6796064692602
537.0083798228851
537.9526001424289
538.2824537359545
539.557225880629
539.557225880629
540.8326913195984
542.1088451593462
543.385682549697
544.6631986833698
544.6631986833698
545.9413887955373
546.2792326274174
547.5591292271548
547.5591292271548
548.839685154053
548.839685154053
550.1208958038223
550.4634411112149
550.4634411112149
551.7463185196617
551.7463185196617
552.091477927345
552.091477927345
552.091477927345
553.0298364464616
553.3760023709015
554.6611578252077
555.0099098214373
555.9469399142332
555.9469399142332
556.2966834342984
557.2333443002133
557.2333443002133
557.584074378026
558.8720783864586
558.8720783864586
559.2253570788793
560.1606912306504
560.1606912306504
560.5149418168975
560.870751599689
561.8051263561058
562.1618983887115
562.5202218587347
563.8129122324177
563.8129122324177
564.1737321074067
564.5360927345567
564.8999911488759
565.2654243804409
565.6323894544937
566.0008833915367
566.3709032074299
566.7424459134854
567.1155085165632
567.8661814195312
567.8661814195312
568.6228978857605
569.0035149276321
569.3856338194704
569.7692515396035
570.1543650626556
570.9290673980438
570.9290673980438
571.7097165520278
572.1022635858034
573.4152073323484
573.8100731078185
574.2064088809876
575.5215026391281
576.7217700069939
576.7217700069939
577.93511746562
578.3424591018716
580.073271233902
580.8967205966995
581.3105882400561
582.142594215541
582.5607264483249
583.4012341433638
583.8236034968096
584.2473791126495
584.2473791126495
584.6725579330707
584.6725579330707
584.1951728660551
584.1951728660551
583.7208236820064
583.7208236820064
583.2495177880561
583.2495177880561
582.347834202206
581.8805719389504
581.8805719389504
581.4163740384338
580.9552478461659
580.056893761293
580.4972006823117
579.5998619737586
579.1459228899051
579.5903725908497
579.1416061724456
579.5895099119721
578.6959477998788
578.2534046592376
578.7054518492115
578.2681039102883
578.7235955099809
578.2914490116553
577.4028056738207
577.8624403783309
577.8624403783309
577.4365766038726
577.4365766038726
576.5500845546725
577.0138646514484
576.1284578980628
575.2434267334135
574.3587728937375
573.4744981252436
572.5906041841763
570.3551525146415
570.3551525146415
568.5886034735483
566.3532466579493
564.1178954793049
563.2352971893719
561.0
558.7647089786541
558.7647089786541
556.5294241996554
555.6473701908433
554.294145738524
553.4121429820636
552.0588736720025
552.0588736720025
552.0588736720025
551.1769225938256
551.1769225938256
551.1769225938256
550.2953752304302
549.8236080780817
549.8236080780817
548.9417091094464
548.9417091094464
547.5883490360254
547.5883490360254
547.5883490360254
547.5883490360254
547.1179031982047
545.7655174156755
545.2971666898701
543.4795304332997
543.0147327651433
541.6650256385399
541.2023651093923
539.853683881105
539.3931775616003
537.5872022286245
537.1303380000054
535.7844715928225
534.4389581607987
533.0938003766316
532.6405917689714
532.1888762460185
530.8455519263583
530.8455519263583
529.5025967830564
529.5025967830564
529.5025967830564
529.5025967830564
529.0538724931516
529.0538724931516
529.0538724931516
529.0538724931516
529.0538724931516
529.0538724931516
528.1600136322324
528.1600136322324
528.1600136322324
528.1600136322324
528.1600136322324
528.1600136322324
527.7120426899504
527.7120426899504
527.7120426899504
527.2655877259581
527.2655877259581
526.8206525944099
525.480732282355
525.0380938560554
524.5969881728258
524.5969881728258
523.2590180780452
522.820236792724
521.9214500286417
521.4834609074386
521.4834609074386
521.4834609074386
521.0470228299937
521.0470228299937
521.0470228299937
521.0470228299937
521.9473153489728
522.3830012548265
