383.60396244043153
377.068959210381
377.068959210381
375.15863311404684
374.0401048016108
372.16259887312697
371.5400382193015
370.91912865205535
369.8553771408495
369.2424677633926
367.41393550054687
366.80785160625993
366.80785160625993
367.6044069376753
368.2091796791601
368.2091796791601
368.81567211820055
370.6453830819966
371.8736344512743
374.5130171302461
375.7552394844282
376.3787985527346
378.2591704109763
378.88916585196785
379.5207504208433
380.1539161971109
380.7886552931954
382.19628464965484
382.19628464965484
382.19628464965484
382.19628464965484
382.19628464965484
382.19628464965484
382.19628464965484
381.5612663780222
381.0721716420657
379.81574480266084
378.565714242587
376.0850967533811
375.4690400019687
374.24190037995476
373.20905669610966
371.4000538502923
370.80048543657546
369.60654756105174
369.8175225702536
369.2262179206672
369.2262179206672
368.6366775023885
368.6366775023885
368.6366775023885
368.6366775023885
368.8590516715023
368.8590516715023
368.8590516715023
368.8590516715023
368.8590516715023
368.8590516715023
368.8590516715023
368.8590516715023
368.8590516715023
368.8590516715023
368.8590516715023
368.8590516715023
369.6701232179847
369.6701232179847
370.4821183269174
370.71417561242515
370.71417561242515
370.95147930693037
370.62110031675206
370.87194555533586
370.3039292257105
370.8274531369003
370.2674708909763
369.98513483652283
369.7161073039691
368.6217573611194
368.9173349139343
367.6098475285993
367.39624385668395
366.34410053936995
366.1543390429779
366.4928375834922
366.3249923223912
366.67696955222044
366.17072520888394
366.5310355208683
366.0300534109187
366.3986899539899
366.3986899539899
367.26693289758606
367.26693289758606
366.77240899500606
366.77240899500606
367.6424893833682
367.6424893833682
367.6424893833682
367.6424893833682
367.6424893833682
367.6424893833682
368.51322907054504
368.51322907054504
368.51322907054504
368.8956492017763
368.8956492017763
368.8956492017763
369.2830892418444
368.7994034702334
367.8382796827976
368.7166934110795
368.17658806610723
367.70776439993756
368.5498609415014
368.0896629898753
367.63160908714036
368.06657006579667
367.6139279189514
368.0570607935677
368.50508816025865
368.06113622603516
368.517299458248
368.0787959119623
368.0787959119623
368.5430775363987
368.11003789627904
368.5824195481928
368.5824195481928
368.5824195481928
368.1548587211637
368.1548587211637
368.63532115086315
368.63532115086315
368.63532115086315
368.63532115086315
368.2132534279558
368.2132534279558
367.79342027828613
368.70177650778953
368.70177650778953
368.28521555989727
367.87090126836614
367.458841232593
367.9619545550871
367.5554379954132
367.5554379954132
367.66560894377926
367.26693289758606
368.18473623983925
367.39624385668395
367.92662311933884
367.5391135648014
368.0774375046642
368.24176840765904
368.24176840765904
368.79262465510345
368.41959774148825
369.3480743147309
368.97831914626096
369.9080966943005
369.5416079415145
370.4726710568541
370.4726710568541
370.10944327320266
370.6818042472546
370.6818042472546
370.6818042472546
370.6818042472546
371.61539257678766
371.25866993243403
371.25866993243403
371.25866993243403
370.9043003255692
370.9043003255692
370.9043003255692
370.55229050702144
370.20264720825537
371.14013525890726
371.14013525890726
370.7937432050331
371.38928363645607
371.38928363645607
371.9892471564198
371.9892471564198
372.5936123982804
373.53580818979054
373.2023579775455
375.0893226952748
375.0893226952748
376.03324321128844
376.64970463283254
376.64970463283254
376.64970463283254
378.540618692367
378.540618692367
379.4864951483781
380.4326484412188
380.4326484412188
381.3790765104976
381.3790765104976
381.3790765104976
381.3790765104976
382.32577731562907
382.32577731562907
382.32577731562907
382.32577731562907
382.32577731562907
382.32577731562907
383.27274883560403
383.27274883560403
383.27274883560403
383.59483833857826
383.59483833857826
383.59483833857826
383.59483833857826
383.59483833857826
383.59483833857826
383.59483833857826
383.59483833857826
383.59483833857826
383.59483833857826
383.27274883560403
383.27274883560403
382.9529997271206
382.9529997271206
382.32054613896963
382.0078533224154
382.0078533224154
382.3414704161713
382.03664745675906
382.9895559933717
382.3885458535598
383.3431882791189
383.0469945058961
383.7095255528588
383.4188310451118
383.4188310451118
384.08853146117235
384.08853146117235
383.80333505585907
384.4801685392889
384.2004685057008
383.92316939721155
384.8843982288708
384.61019227264376
384.61019227264376
384.61019227264376
384.61019227264376
384.61019227264376
384.33839256571804
384.33839256571804
384.33839256571804
384.33839256571804
384.0690042166902
384.0690042166902
384.0690042166902
384.0690042166902
384.0690042166902
384.76616275343133
384.76616275343133
384.76616275343133
384.76616275343133
384.50227567597045
385.4672489330319
385.4672489330319
385.20643816011176
385.20643816011176
386.17224136387637
385.91449830240896
385.91449830240896
386.88111869151743
386.88111869151743
387.5938596004844
387.5938596004844
387.5938596004844
388.5614494516923
388.3104428160541
388.3104428160541
388.3104428160541
388.3104428160541
389.03084710598466
389.03084710598466
389.03084710598466
389.03084710598466
389.03084710598466
389.03084710598466
388.7852877874882
388.7852877874882
388.7852877874882
388.7852877874882
388.7852877874882
388.7852877874882
389.7550512822124
389.7550512822124
389.7550512822124
389.7550512822124
389.7550512822124
390.72496720839325
390.72496720839325
391.9387707282861
391.9387707282861
391.9387707282861
393.8781537480849
393.8781537480849
394.84807204797136
395.8181400592954
395.8181400592954
396.547601177967
397.51855302614496
397.51855302614496
397.51855302614496
398.25243250983414
399.2242477605788
399.2242477605788
399.2242477605788
399.2242477605788
399.96249824202266
399.96249824202266
399.96249824202266
399.96249824202266
399.96249824202266
400.9351568520775
400.9351568520775
401.67773152117854
401.67773152117854
404.82712359722143
406.77389296757974
406.77389296757974
407.9767150218257
408.9498746790369
410.8965806623365
411.8701251608327
413.59158598791635
413.59158598791635
415.31795049094615
415.31795049094615
416.0733108479802
416.83210049131293
417.5943007273926
417.5943007273926
418.1506905411015
419.1288584671783
418.9224271867048
419.9011788504529
419.697510118895
420.676835587604
420.47592083257274
420.47592083257274
421.4558102577303
421.4558102577303
422.43579393796637
423.415871218829
424.39604145184956
424.39604145184956
426.5548030441106
426.75519914817676
427.73473087884736
428.9160757071248
430.09882585284976
431.077719210817
432.26149493101974
432.26149493101974
433.44665185002873
433.65539314068263
434.6331786690933
434.6331786690933
435.82106419951754
436.7985805837743
436.7985805837743
437.7761985307104
437.7761985307104
438.545322629258
439.52360573693875
439.52360573693875
440.2964910148615
440.2964910148615
440.87186347055535
441.65371050179124
442.2454069857594
442.2454069857594
443.0361159093015
443.8299223801838
443.8299223801838
443.64400142456566
444.44347222115886
444.44347222115886
445.24599942054505
445.24599942054505
446.0515665256653
446.0515665256653
446.0515665256653
447.035792750424
447.035792750424
448.02008883531107
448.02008883531107
448.02008883531107
449.0044543208898
449.0044543208898
449.9888887517113
450.9733916762717
451.7842405396629
451.7842405396629
452.76925690687085
453.754338822231
453.754338822231
453.754338822231
454.56902666151814
455.554607045083
456.3726547460967
457.3587213555679
459.1666364186318
459.0043572777932
460.9783075156574
460.81883642056124
461.8062364238924
462.63700673422136
462.63700673422136
463.47060316701857
464.4588248704076
464.4588248704076
465.29560496527364
465.29560496527364
466.2842480719245
467.27293951180184
467.27293951180184
468.26167897875223
468.26167897875223
468.26167897875223
469.25046616918775
470.2393007820593
470.2393007820593
471.22818251883024
472.2171110834507
472.2171110834507
474.34375720567886
474.34375720567886
475.3325151933118
475.3325151933118
476.3213201190978
477.31017169132275
478.4485343273611
478.4485343273611
480.42585275981975
481.4145822469444
481.4145822469444
482.4033581972663
483.2442446630896
483.2442446630896
484.23341479084235
485.2226293156575
485.2226293156575
486.0668678278741
487.05646489909157
487.05646489909157
487.05646489909157
488.04610437949407
488.04610437949407
489.03578601161695
489.03578601161695
490.02550954006466
490.02550954006466
490.02550954006466
491.01527471149
492.00508127457385
492.00508127457385
493.1379117447775
494.12751390708854
494.12751390708854
495.1171578525632
495.26154706377116
496.2509445834839
496.2509445834839
496.3970185244871
497.3861678816571
498.52281793314137
498.52281793314137
498.52281793314137
499.5117616232875
499.5117616232875
500.6495780483591
501.63831592094317
501.63831592094317
502.62709835423715
503.61592508577405
504.6047958551326
505.5937104039171
505.5937104039171
506.43558326800064
507.42487128638066
507.42487128638066
509.25926599326596
509.25926599326596
509.25926599326596
510.10685155171166
511.09685970469434
512.0869066867459
512.937618039465
512.937618039465
513.9280105228747
513.9280105228747
513.9280105228747
514.9184401436795
514.9184401436795
515.9089066879927
515.9089066879927
516.8994099435595
517.8899496997408
518.880525747498
519.0183041088243
520.0086537741463
520.0086537741463
520.9990403062178
520.9990403062178
520.9990403062178
521.9894634951936
523.1185334128394
524.1087673374678
525.0990382775425
526.089346024038
527.0796903694924
528.0700711079922
528.0700711079922
529.0604880351584
530.0509409481319
530.0509409481319
530.904887903662
531.8956664610081
531.8956664610081
531.8956664610081
532.8864794681884
532.8864794681884
533.8773267333986
533.8773267333986
534.8682080662488
534.8682080662488
534.8682080662488
534.8682080662488
535.859123277751
535.859123277751
536.8500721803063
537.9758358885648
538.9666037891402
539.9574057275258
540.093510422038
541.084096975692
542.0747180970535
542.0747180970535
543.2025404947956
544.1929804765953
544.1929804765953
545.3219232710161
545.3219232710161
546.3121818154891
547.4422343955571
547.4422343955571
548.4323112290158
548.4323112290158
549.4224240054277
549.4224240054277
550.4125725308244
550.4125725308244
551.4027566126234
551.4027566126234
552.5332569176267
553.5232605771865
553.5232605771865
554.5133001110073
554.6548476304881
554.6548476304881
555.7877292636101
556.7773343087881
556.9218975763118
558.0573447236404
559.0465096930666
559.3433650272433
560.3320444165228
560.4828275692307
561.6235393927145
562.7654929009063
562.9209535982827
564.0655990219577
564.0655990219577
565.211464851873
566.1987283631075
566.1987283631075
567.3455737026596
567.5068281527545
568.4936235350402
569.642870577698
569.642870577698
569.642870577698
570.7933075991693
570.7933075991693
571.7796778480326
571.7796778480326
571.9449274187157
572.9310604252487
573.917241420747
574.0836176028715
575.0695610097964
576.0555528766301
576.2230470920093
577.37769267612
577.37769267612
578.5334908196759
578.7054518492115
579.6904346286905
581.0232353357308
581.1996214726915
582.3615715343861
583.524635298288
583.7054051488644
584.8709259315256
585.0546982975181
585.2401216594775
587.3916921441773
587.5797818169036
588.5618064400713
588.7512208055283
589.7329904287194
590.905237749675
590.905237749675
592.0785420871119
593.0598620712752
594.0412443593458
594.2339606585945
596.1962764056817
596.1962764056817
597.1775280433784
598.1588417803418
598.1588417803418
600.1216543335192
600.1216543335192
601.1031525453847
602.276514567852
602.276514567852
602.276514567852
603.257822162299
604.4319647404495
605.413082118317
606.5879985624509
606.5879985624509
607.9605250343151
608.9408838302779
609.1387362497971
610.5186319843154
612.8825336065631
613.0872694812705
614.6885390179323
615.8766110187981
617.2787052863561
617.493319801923
619.8790204547981
619.8790204547981
621.2930065597069
622.489357338742
623.686620026436
624.8847893812107
626.0838601976576
626.3098274815748
627.2838273062681
628.4846855731649
629.4584974404587
629.6864298998352
631.6335963198918
631.6335963198918
631.6335963198918
632.8356816741609
632.8356816741609
632.8356816741609
633.8091195304781
633.8091195304781
634.7826399642637
635.7562425961698
635.7562425961698
635.9850627176711
636.9583973855749
637.1883551980529
638.3925124874195
638.3925124874195
639.8312277468176
640.3030532490064
641.5122757983669
641.9922117907662
642.2343808922097
643.692473157796
643.938661675163
645.155020130821
645.653932071973
647.3801047298256
647.6357000660171
648.1512169239521
648.411135006178
649.8999923065087
651.1282515756784
651.3931224690663
652.623168451749
652.8904961783408
654.1223127214054
654.3920843042036
654.3920843042036
655.6256553857544
655.6256553857544
655.8978579016706
655.8978579016706
656.8599546326446
656.8599546326446
657.1331676304278
658.0949779477123
659.3307212620992
659.3307212620992
659.605942968982
660.5671805350308
660.8434005118005
661.1210176662061
662.6401738500315
662.9215639877767
663.4885078130593
663.7740579444184
664.6389997585155
664.930071511283
665.2225191618215
667.0629655437334
667.9595796154135
668.2611764871576
668.8684474543555
669.1741178497566
670.0992463807133
670.7227445077436
671.9858629465355
672.6165326543795
672.9338749089691
673.5725647619564
673.8939085642487
673.8939085642487
675.4864913527139
675.8113642134172
675.8113642134172
676.1375599683839
676.1375599683839
677.4097725896786
677.4097725896786
677.4097725896786
677.7381500255095
678.0678432133469
678.0678432133469
678.3988502348748
678.3988502348748
679.6741866512219
679.6741866512219
680.0073529014227
680.3418258493299
680.6776035686792
681.014684129498
681.3530655981523
681.6927460373919
682.7195617528474
683.0644186312152
683.7579981250676
684.4567188654079
684.8080022896929
685.8695211189953
686.2259103239982
686.5835710239504
686.9425012328179
687.302698961673
688.026889009434
688.3908773364157
688.3908773364157
689.6868854777507
690.0528965231579
690.0528965231579
690.4201619304001
690.7886796987918
690.7886796987918
690.7886796987918
690.229671920876
691.158447825099
691.158447825099
691.5294643035827
691.5294643035827
690.9739503049301
690.9739503049301
691.3479587009714
691.3479587009714
691.7232105401697
691.7232105401697
692.0997037999655
692.8564064797265
693.2366118433157
693.0771962775864
693.461606723833
693.461606723833
693.3123394257454
693.7009442115528
693.5618213252515
693.9546094666423
694.7438376840777
694.2225867832306
694.6207598394968
695.4207359577366
694.90718804744
695.3107219078388
695.7154590779193
695.2078825790168
695.6155547427041
695.1122211556923
695.5228249310011
695.023740601715
695.023740601715
695.4372725127695
694.9424436599048
694.9424436599048
694.4501421988479
694.8683328516273
694.8683328516273
695.2877102322462
695.2877102322462
694.317650647022
694.317650647022
693.8364360567987
693.8364360567987
694.2621983083912
693.7852693737451
693.3108970728788
692.8390866572122
692.3698433640795
692.3698433640795
692.3387898998582
691.4390790228739
690.9775683768613
691.4166616447712
691.8569216246955
691.4014752659991
690.5048877451918
690.9486232709347
690.945005047435
690.4990948582047
690.0557948456052
690.0557948456052
690.5070600652828
689.6151100432762
689.1770454679987
689.6317858103699
689.1980847332645
689.1980847332645
688.7670143089026
687.878623014264
687.4510891692587
687.0262003737557
687.0262003737557
686.1399274200562
686.6039615382364
686.6039615382364
686.1843775546045
685.2999343353245
684.8839317723844
684.0007309937614
683.5883264070562
682.2975890328207
681.4169061595111
681.8914869684179
681.0117473289282
680.6092858608381
680.2095265431086
680.2095265431086
679.3320248597147
678.5425557767177
678.5425557767177
677.2776387863399
677.7639707154697
676.8906854138266
676.5064670792143
676.1249884451838
675.7462541516601
675.3702688155587
674.997037030534
674.6265633667266
674.6265633667266
674.258852370512
672.5273228650268
672.5273228650268
672.164414410641
671.3002308952381
670.9411300553872
670.0783536273948
669.215959164155
668.861719640166
668.0007485025747
667.6503575974479
667.6503575974479
666.7908217724656
665.5862077897949
665.5862077897949
664.3869354525268
664.3869354525268
663.1930337390464
662.85820504841
662.85820504841
661.6736355636365
660.8214584893562
661.3455980045532
659.6438432972751
660.1704325399616
658.4717154138058
659.0007587249047
657.3051041943916
656.9901064704095
656.1440390645944
655.2984053086044
654.4532068834257
654.1444794538894
653.3008495325871
653.3008495325871
652.1541228881406
651.8535111510868
651.0130567047023
650.7165281441681
649.8776807984715
649.5852522956475
649.5852522956475
649.2957723564816
648.459713474939
648.1743592583712
647.3399416071899
647.3399416071899
647.0587299465172
647.0587299465172
646.7804882647589
646.7804882647589
645.9489143887464
645.6748407673944
644.8449426024833
644.5750538145267
644.5750538145267
643.7468446524612
643.4811574552903
642.6546506483867
642.3931817819987
642.3931817819987
641.5683907425614
642.1347210671605
641.3111569277428
640.4880951274582
639.6655376053958
638.8434863094403
638.0219431963136
638.5929846153965
637.7726867779774
636.952902497508
636.1336337594483
635.3148825582476
634.4966508973865
633.678940789419
632.0450933279998
632.0450933279998
631.2289600454022
631.2289600454022
629.598284622822
628.7837466092774
628.5515094246454
627.7387991832271
627.7387991832271
626.9266304760072
626.1150054103479
625.8897666522437
625.0799948806552
625.0799948806552
624.8591841367141
624.0512799442046
624.0512799442046
623.2439329829052
622.437145421126
621.6309194369276
620.8252572181644
620.8252572181644
619.2156328775945
619.2156328775945
618.4116751808621
617.608290099801
616.2093800000126
615.4063698077881
614.6039375077254
613.8020853662848
613.0008156601425
611.6011772388931
610.8002946954102
610.8002946954102
609.2002954693965
608.4011834308017
607.6026662219316
606.8047461910627
606.8047461910627
606.0074256970784
605.2107071095157
604.4145928086118
604.4145928086118
604.2259511143162
603.431851993247
602.6383658546807
603.2478760841185
601.6643582596529
601.6643582596529
600.8735307866373
600.0833275470999
599.2937510103038
597.7164879773687
597.7164879773687
596.3128373597201
595.5249784853696
594.7377573351132
593.3338014979427
592.5470445458318
591.1429607125505
588.952459881101
588.952459881101
586.7623028109424
586.144180215073
583.9537652931095
582.5495687063891
582.5495687063891
581.145420699501
579.7413216254298
578.3372718405758
576.9332717047961
574.7425510609077
573.1710041514661
572.5521810280701
570.9816109122955
569.5770360539477
568.1725090146477
567.387874385768
566.6039180944657
564.4156269984027
563.6328592266423
562.8507795144287
562.0693907339199
560.6638921849703
559.883023496873
558.3233829959122
558.3233829959122
556.9174085984384
554.7323679036585
553.9539692068286
552.5477354944096
551.1415426185908
549.7353908927457
547.5509108749615
546.9232121605372
544.7384693593798
542.7052607078726
541.2993626451079
539.2680224155703
537.8624359443593
535.8329963710709
533.0225135958143
530.9952918811993
529.5904077681166
529.5904077681166
526.780789323225
525.37605579242
523.3516981915699
522.56674214879
521.1621628629615
519.7576358265457
518.3531614642666
516.7842876868452
515.3794718457459
514.5959580097768
513.1909975827713
513.1909975827713
511.62583984783254
510.22054055084845
509.4389070340034
508.65803837155664
507.8779380914276
505.69259436934607
504.9138540384884
503.5076960682925
502.1015833474338
500.69551625713603
499.2894951829049
497.8835205145878
495.85179237348734
494.4461548035337
491.01120150155435
490.38862140143505
488.9836398081228
485.5532926466466
484.3160125372689
481.5080477001397
480.2770034053265
478.87367854163796
476.8574210390355
475.4545193811917
473.26102734114926
472.6489183315667
471.2462201439922
469.8435909959824
468.4410315077022
467.0385423067351
467.0385423067351
466.24671580612767
464.8440598738463
464.8440598738463
464.05279872014563
464.05279872014563
462.6499756835614
461.85928593024954
461.24722221385787
460.4562954287844
460.4562954287844
459.05337380309055
459.05337380309055
457.65052168658127
456.2477397204286
455.45691343967985
454.0539615508271
453.4423888433899
452.0398212547209
450.6373264610911
449.41962573968664
448.6256791580259
447.41144375172166
446.0100895719737
445.4054332852261
443.40162381299416
442.8001806684365
440.8004083482682
440.20222625516107
439.4007282652135
437.4037036880232
436.8077380266975
436.21325060112514
434.8149031484547
434.222293301484
434.222293301484
433.6311796907598
432.82444478102207
432.23373306580316
432.23373306580316
432.23373306580316
431.64452967690903
430.8363958627451
430.8363958627451
430.2476031310343
429.4391691497179
429.4391691497179
429.4391691497179
428.85078990250213
428.85078990250213
428.2639373096922
427.4540911021908
426.28277000132204
425.6994244769424
425.6994244769424
424.53739529045026
424.53739529045026
423.38162454220895
422.8061021319347
422.23216362565273
421.65981549111365
421.08906421326117
419.9523782525823
419.9523782525823
419.38645662443605
419.38645662443605
418.8221579620639
418.8221579620639
418.2594888343838
417.6984558266885
417.1390655404981
417.1390655404981
416.58132459341
416.58132459341
416.0252396189443
416.0252396189443
415.47081726638754
415.47081726638754
414.9180642006323
414.36698710201324
415.20236030157633
414.65407269192474
414.1074739726391
413.5625708402539
413.0193700058146
413.0193700058146
411.93810214642684
412.2438598693739
411.17514516322603
411.17514516322603
410.11339895204594
410.43513494826436
409.90974616371346
409.38612580301253
408.3442175420144
407.82594326501595
407.65303874741323
407.65303874741323
407.1412531296724
406.63128261362283
406.63128261362283
406.98525771826183
406.98525771826183
406.4800118086989
406.4800118086989
405.97660031090464
406.8414924758781
406.3409898102824
405.8423339179884
405.8423339179884
405.34553161469535
405.72034703721727
405.72034703721727
405.2283306976451
404.7381869801761
405.123437979093
404.63810992045717
405.0308630215727
404.5503676923307
404.07177580227005
403.59509412281017
404.0012376218667
404.0012376218667
404.4119187165482
403.9430652950982
403.8972641650349
403.8972641650349
404.32289076924644
403.8638384406309
404.2969205917849
403.8427911947915
404.2833164997042
403.8341243629617
403.8341243629617
403.8341243629617
404.2820797413608
403.83783874223576
404.293210430252
404.293210430252
403.8539339909914
403.8539339909914
404.31670754496406
404.7838929601819
404.3525689296409
404.82712359722143
405.30605719628716
405.7893542221136
406.76897620147975
407.265269818088
407.8651738013433
408.89362919957557
409.41421567893804
409.5473110643018
410.07926063140525
409.84997255093236
410.396150079408
410.94646853331153
411.13014970931044
411.6916321714591
411.32590484918404
412.2572012712452
412.8268402126974
412.46696837443847
413.0435812356851
413.9782602987746
413.9782602987746
414.56000771902734
414.56000771902734
416.08292442733097
416.08292442733097
417.02038319487457
417.612260356422
418.5510721524913
419.1479452412954
419.1479452412954
420.0880860010196
420.6899095533431
422.2380844973603
421.9052026225797
422.8486726950908
424.08136011855083
424.08136011855083
424.7034259339098
425.3292842022519
425.9589182069088
425.9589182069088
426.59231122935165
427.2294465506796
427.2294465506796
427.87030745308795
428.8216412449353
428.8216412449353
428.51487722131657
429.46711166281403
430.4195627524381
430.4195627524381
431.3722290551398
432.0231475279999
432.0231475279999
432.976904695851
432.976904695851
433.93087007033733
434.8850422812907
435.83941997024544
436.4974226728034
437.4528546026417
438.40848531934233
439.0717481232424
440.028408173836
440.69604037249985
441.3671940686122
442.32567187537285
442.04185322206763
443.6800649116433
443.6800649116433
445.3234779348603
446.28466251933867
446.97203491941195
447.66281954167243
447.3935627610214
449.0545623863541
450.01888849247206
450.98336998164353
451.68573145495753
452.6510797512804
453.61657818029533
455.548021617919
456.51396473711515
457.4800542100169
458.44628911138545
459.412668523627
460.3791915367157
462.56891378474626
462.56891378474626
463.5353276720125
465.213929284152
465.213929284152
466.1812952060604
468.11643850648954
467.86536524944864
468.83365920121395
469.80208598940897
471.49231170826107
471.49231170826107
472.2171110834507
472.9450285181143
473.67604963730224
474.6472374300729
475.38195169779004
475.38195169779004
476.3538600662327
477.09223426922387
477.09223426922387
477.83365306349026
478.80685041047604
479.7801579890523
480.7535751297124
481.72710116828597
482.7007354458868
482.7007354458868
483.6744773088611
484.6483261087363
485.62228120217054
486.59634195090285
487.5705077217038
488.5447778863264
489.74483151943525
490.71886044862794
490.71886044862794
491.6929936454251
492.66723049133276
493.6415703726743
494.6160126805439
495.59055681076086
495.59055681076086
496.5652021638246
497.5399481448701
498.5147941636236
499.48973963435924
500.24394049303584
501.2195127885585
501.2195127885585
502.19518117958876
504.14680401644915
504.14680401644915
505.12275735706066
505.12275735706066
506.09880458266247
506.09880458266247
507.0749451511088
508.05117852436877
508.05117852436877
509.2445385077782
510.22054055084845
511.414704520705
511.414704520705
512.3904761019666
512.609988197655
512.609988197655
515.0038834805034
515.0038834805034
516.2024796530911
517.1769523093619
519.3505559831433
519.3505559831433
520.5506699640296
521.5246878144887
522.498803826382
524.4473281464975
525.4217353707401
526.6213060634748
527.3708372672877
529.3203188996243
529.3203188996243
530.2952008080027
531.2701760874593
532.245244224878
533.2204047108474
534.1956570396281
535.1710007091191
536.1464352208266
536.1464352208266
537.1219600798314
538.0975747947579
539.0732788777422
539.2930557683827
540.2684517904039
541.4646802885669
542.6619573915239
542.6619573915239
544.8348373589927
545.0596297654047
546.2600113499066
547.2339536249556
548.4350462908073
549.6371530382567
549.8672567083805
551.0716831774248
552.0443822737444
553.2494916400738
553.2494916400738
554.4555888436873
555.4277630799527
555.6626674521152
556.6345300104908
557.6064920712455
558.578553114958
558.8139225180417
559.7856732714763
559.7856732714763
559.7856732714763
560.7575233556836
560.9937611061285
561.9653014199364
561.9653014199364
561.9653014199364
562.9369414064065
563.1740405949124
564.3837347053865
564.6237685397242
565.8356651891077
566.078616448281
566.5695014735614
567.5385449465084
568.0352101762707
568.2860195359375
569.5059262202633
570.01491208564
571.2381289795001
571.4962817026897
571.7560668676809
572.982547727241
573.2451482568343
573.2451482568343
574.4736721556524
574.4736721556524
574.7390712314589
575.7030484546699
576.6671483620339
576.6671483620339
576.9332717047961
576.9332717047961
578.1643364995804
578.1643364995804
579.1277924603515
579.3962374748389
579.3962374748389
580.6289693082838
580.9001635393125
582.1348640993768
582.6843056063892
583.922083843384
584.2003081135784
584.7614898400885
586.2874721499684
586.5730985989726
588.3961250722169
588.6875232243333
590.2304634632137
590.8231545902717
592.3757253635567
592.6769777880696
593.9326561151526
594.2364849115207
595.4939126473082
595.4939126473082
596.7520423090314
596.7520423090314
597.0594610254493
598.0108694664337
598.3193127419505
599.2703897240377
599.2703897240377
600.2216257350279
600.5305987208312
601.4815042875383
601.4815042875383
601.791492129957
601.791492129957
603.0530656584045
603.365560833563
604.6288117514745
604.9437990425226
605.5782360686355
605.8976811310636
607.4874484300067
608.1356756514125
609.1190359855781
610.3933158218559
611.3926725108831
611.3926725108831
613.0073409022114
613.6855872513221
614.3695956018657
615.0593467300533
615.4063698077881
616.6919814623828
617.0413276272506
617.0413276272506
617.3920958353775
618.6800465507191
618.6800465507191
618.6800465507191
619.033117046253
619.033117046253
619.033117046253
619.3876007799962
619.3876007799962
619.3876007799962
619.7434953268973
619.7434953268973
619.7434953268973
619.7434953268973
620.1007982578317
621.392790431302
621.7523622793885
622.1133337262593
622.4757023370471
623.2046212922365
624.5014011193249
624.5014011193249
625.237554854153
625.607704556138
625.9792328823696
626.3521373796053
626.7264155913647
627.1020650579935
628.4051241038698
628.782951422826
628.782951422826
629.1621412640783
629.5426911655793
629.5426911655793
629.9245986624113
629.9245986624113
629.9245986624113
630.3078612868477
630.3078612868477
630.3078612868477
630.3078612868477
630.6924765684145
630.6924765684145
630.6924765684145
631.0784420339519
631.0784420339519
631.4657552076756
631.4657552076756
631.8544136112369
632.2444147637842
632.635756182023
632.1091677867043
632.5037549295656
631.9818035355132
632.3796328156054
632.2633944804966
632.1550442731593
632.05458625027
631.5512647442011
632.3740981412822
632.2926537608989
632.7092539231586
633.9668761063152
633.9668761063152
633.9061444725079
634.3311438042437
634.7574339856131
635.1850124176419
635.6138765005056
635.6138765005056
635.1417164696395
635.5737565381378
635.5737565381378
635.5737565381378
635.5737565381378
636.0070754323414
636.0070754323414
635.5415013986104
635.5415013986104
635.5415013986104
635.9779870404321
635.0787352761861
635.5171122794413
635.0590523722971
635.0472423371351
635.0472423371351
635.4919354327009
635.4911486401679
635.0472423371351
635.9504697694624
635.0590523722971
635.9685526816558
635.5359942599632
635.994496831537
635.1062903168256
635.5666762818831
635.5666762818831
635.1417164696395
635.1417164696395
634.7196231408006
634.7196231408006
634.7196231408006
634.7196231408006
634.7196231408006
634.3004020178452
634.3004020178452
632.5322126184562
633.0007898889227
632.5883337526863
631.7064191537078
631.29786947209
631.29786947209
631.7721108121187
630.8922253443927
631.3683552412173
630.9675110494993
630.9675110494993
630.5695837891327
630.1745789858553
630.1745789858553
629.7825021386352
628.9077833832239
628.9077833832239
629.3933587193306
628.5196894290584
627.6463972652117
627.6463972652117
627.2623055787745
626.3904533116704
626.3904533116704
626.0103833004689
626.0103833004689
625.1399843235114
625.6332791659984
625.2591462745667
624.3909032008714
624.0208329855662
624.5198155383061
624.5198155383061
624.1546282773204
623.7924334263762
623.7924334263762
623.4332362009584
622.5704779380403
623.0770417853638
622.2153967879613
621.8633290362119
621.003220603565
620.6552988575864
619.7967408755874
619.7967408755874
618.9386076179123
618.5959909343093
617.7394272668695
616.883295283638
616.0275967844298
615.691481181931
615.691481181931
615.3584321352881
614.5054922455942
614.1766846763234
613.3253622670434
613.0008156601425
613.0008156601425
612.6793614934323
611.5136956765564
611.5136956765564
611.1996400522501
610.3539956451501
610.8886968998526
610.0442606893372
609.2002954693965
608.8949006191463
607.2108365304427
606.3695243001581
605.528694613228
604.6883494826075
603.8484909312931
602.1702417091034
601.3318551349163
600.4939633335209
599.6565683789347
597.9832773581549
597.1473854920575
595.4771196276142
595.4771196276142
594.6427498927402
593.8088918162139
592.9755475565582
592.6972245590492
591.8656942246273
591.0346859533711
591.0346859533711
589.3742444321774
588.5448156257942
587.7159177698014
586.8875531138823
586.0597239189876
586.0597239189876
585.2324324573955
584.4056810127704
583.579471880223
582.7538073663698
581.9286897893934
581.1041214791029
580.2801047769948
578.8894540410976
578.8894540410976
578.0657402060773
577.2425833217782
575.5979499616029
574.2064088809876
573.384687622542
572.5635335925613
571.1716029355802
571.1716029355802
570.3507692639679
568.1381874157026
567.3182528352141
565.9257901880776
565.1061847122185
563.7135797548254
562.8943062422998
562.0756176885811
561.2575166534521
559.8642692653283
559.0465096930666
559.0465096930666
557.6531179864414
556.8357028783266
556.0188845713785
554.6250986026507
554.6250986026507
553.8086312075679
552.4146992975477
551.0208707481052
550.2045074333724
550.2045074333724
547.9945255201004
547.4166603237428
547.4166603237428
546.0228932929462
544.6292316796813
542.6601146205606
541.2670320645808
539.874059387928
538.4811974433277
537.0884470922829
535.1233502660858
534.3032846614365
532.3391775926322
531.5185791672761
529.5554739590556
528.1638003498535
525.950568019467
524.5588622833476
523.1672772641653
521.7758139277826
520.9539327042268
520.3844732503075
519.5623158005207
518.1708212549216
516.7794500558241
516.2111970889434
514.8203570178631
514.2538283766102
513.4296446447166
511.47336196521513
511.47336196521513
509.51938137817683
508.95677616080525
507.56772947065895
507.00690330605954
505.61843320828405
505.0594024468805
503.67151994132047
503.11430112848115
501.7270174108626
501.1716272894945
499.78495375511255
498.6792556343205
497.29367580937526
495.9082576444962
495.35845606994536
493.973683509557
492.5890782386471
491.20464167188
490.657721838758
489.27395189198455
487.8903565351543
486.506937257836
485.9629615515981
484.58023071520364
484.0382216313088
482.6561923357039
481.27435003332556
481.27435003332556
479.89269633950465
478.81624868001296
478.28025257164865
476.90040889057747
475.83400466969573
474.45547736326114
473.3962399512696
472.8689036086006
470.9670901453731
470.4434078611369
469.9212700016887
467.5082886965749
466.47615158762403
465.45031958308937
464.4308344630016
462.55486161103096
462.0497808678195
461.0444664021031
460.5442432600803
460.04564990878896
458.68071683906663
458.1844606705906
458.1844606705906
457.6898513185539
457.19689412768327
457.19689412768327
456.2159576341012
456.2159576341012
454.3676925134532
454.3676925134532
453.8821432927275
453.3982796614914
452.91610702204
452.4356307807775
451.00443456799843
451.00443456799843
450.05888503616944
449.5887009256349
449.1202511577495
449.0746040470336
448.61230477997367
447.6929751514982
447.2359556207439
446.7807068350199
446.32723421274665
445.87554317320433
446.31939236380936
445.8721789930383
445.4267616567285
444.98314574824064
445.88002870727456
445.43910919451156
445.43910919451156
445.43910919451156
445.0
445.0
445.46268081624976
445.46268081624976
445.0280890011326
445.9293666041742
445.9293666041742
446.4000448028651
445.97085106540317
446.4482052825389
447.3533279187716
447.4147963579211
446.99552570467637
448.39714539680114
448.39714539680114
448.4829985629333
449.39514906149134
448.98663677218724
449.4941601400401
450.40870329068906
450.9212791607866
450.9212791607866
451.43770334344026
452.3549491273418
451.9579626469701
452.8763628188161
452.8763628188161
453.7951079507138
454.3214720877718
454.3214720877718
455.77296979965803
456.6946463447979
457.6166517949276
457.23079511336505
458.6948876976939
459.6194077712559
461.09109728989563
461.64163590386863
463.12417341356735
464.05279872014563
464.61274196905106
466.10728378775633
466.67547610732663
467.60774159545304
468.1805207395968
468.75686661637286
469.3367660859311
470.2722615677008
471.44458847249484
471.44458847249484
472.974629340729
473.9134942159803
474.51027386137804
475.11051345976335
476.99266241735836
476.99266241735836
477.59815745038213
479.48305496649203
480.09374084651427
481.9813274391447
482.9254600867509
483.86981720293323
484.81439747598256
484.81439747598256
486.70422229522524
486.70422229522524
488.27041687982694
489.2167208916719
490.16323811563024
491.1099673189295
491.7367181734551
492.68448321415605
494.5806304335017
495.5290102506613
495.5290102506613
496.47759264643554
497.11165747747253
497.11165747747253
498.06124121437114
499.011021922362
499.9609984788813
500.9111697696509
501.8615346886031
502.81209213780846
502.81209213780846
505.023761817204
505.023761817204
507.235645435137
507.235645435137
509.136523930468
509.4477402050185
511.3482179493735
512.2987409705396
514.2003500582239
515.1514340463394
516.411657498163
517.3625421307577
518.3136116290985
519.2648649774025
521.1679191968745
522.1197180723976
523.0716968064703
524.3300487288517
525.2818291165229
526.2337883488668
526.2337883488668
527.185925457044
528.4439421547
528.4439421547
529.7027468307107
530.9623338806624
531.9135268067546
533.1735177219514
534.7457339708284
536.0083954566384
537.271812028139
538.5359783709905
539.8008892174965
541.3852602352598
542.65274347413
543.6000367917574
544.8678738923777
544.8678738923777
545.1898751811152
547.0831746635972
547.0831746635972
548.9772308575284
548.9772308575284
549.9245402780276
551.1923439236072
552.1394751328689
552.1394751328689
553.0867924657033
553.0867924657033
554.0342949673784
554.3545796690057
555.3017197884408
555.623073674951
556.8922696536557
556.8922696536557
558.4872424684381
560.0866004467523
560.7468234417382
561.0793170310237
562.6908565100379
563.3657781583827
564.6459067415614
565.32910768861
566.9567884768644
568.2411459934946
568.5886034735483
569.8745475979779
571.161098115059
571.161098115059
572.4482509362746
572.4482509362746
573.7360020078921
573.7360020078921
574.6720804076008
575.024347310616
575.024347310616
576.3132828592449
576.3132828592449
576.3132828592449
576.6680154126809
576.6680154126809
577.9584760170924
578.3156577510244
578.6743471072482
580.3283553299804
580.6909677272413
581.4206738670375
582.1563363908358
582.526394251797
584.5724933658785
584.5724933658785
585.702996406882
585.702996406882
587.3882872512867
587.7703633222757
588.1538914263851
588.5388687249127
588.5388687249127
588.9252923758667
590.234699081645
590.234699081645
589.7024673511211
589.7024673511211
590.485393553473
590.485393553473
591.2740481367333
591.6705164194004
592.4677206396987
592.4677206396987
592.3554676037016
592.7596477494061
592.6592612960671
593.068292863478
592.9797635670209
592.4837550515625
592.8996542417613
592.4086427458668
591.920602783853
591.435541711859
591.3788971547767
590.4743855579173
589.9983050823113
589.5252327084906
589.0551756839083
589.0551756839083
589.023768620588
589.023768620588
589.0008488958229
589.0008488958229
588.9864175004378
588.9864175004378
588.9804750583843
588.9804750583843
588.9830218266057
588.9830218266057
588.541417404077
588.9940576949822
588.5575587824865
587.6674229528127
587.2350466380561
587.2350466380561
586.8057600262629
585.9180830116101
585.4929546971509
583.7208236820064
582.8353112157841
582.4165176229122
582.4165176229122
581.117888212022
580.235297099375
579.8249735911692
578.943866018114
579.4178112554015
578.5378120745437
578.1349323471122
578.1349323471122
577.7352334763737
577.7352334763737
578.2153578036474
577.3387220687696
577.3387220687696
576.4624879382873
576.4624879382873
576.4624879382873
576.4624879382873
575.1043383595711
575.1043383595711
573.7464596840664
572.3888538397651
571.031522772605
570.0745565274774
568.7187354044177
568.7187354044177
567.3631993705619
566.007950474196
565.533376557034
564.1790495933006
563.2983223834418
562.8250172122771
561.9439473826549
561.0632762888692
559.7088528869273
559.7088528869273
558.8282383702527
557.9480262533419
557.0682184436661
556.1888168598862
555.3098234319289
553.9539692068286
553.9539692068286
553.0750401166192
552.5984075257546
551.7191314428021
551.2431405468915
549.4142335251245
548.5334994328058
547.5883490360254
545.7655174156755
544.8302487931447
543.0147327651433
542.5513800553824
540.7411580414422
540.2814081568974
539.8231191788658
539.3662948312584
538.0204457081534
537.1126511263722
537.1126511263722
535.3176627013161
535.3176627013161
534.8682080662488
534.8682080662488
534.4202466224498
533.5260068637704
533.0787934255122
533.0787934255122
533.0787934255122
532.6330819616821
532.6330819616821
532.6330819616821
531.7377173005503
531.2927629847785
530.849319487178
529.0689936104742
528.1912532407177
526.8548187119484
526.4190346102617
525.9847906546348
525.9847906546348
524.6503597635286
524.218465909014
523.7881251040347
522.8852646613786
522.8852646613786
522.4557397521822
522.4557397521822
522.4557397521822
522.4557397521822
522.4557397521822
521.5524901675765
521.5524901675765
521.9827583359435
522.4145863200988
