378.8152584044101
382.6042341637113
382.6042341637113
382.6042341637113
382.6042341637113
382.6042341637113
382.6042341637113
382.6042341637113
381.8075431418295
381.0118108405565
381.0118108405565
381.0118108405565
380.2170432792302
380.2170432792302
380.82541931966676
380.0328933131973
380.64419081341566
380.64419081341566
380.64419081341566
380.46813269970454
380.46813269970454
380.46813269970454
380.46813269970454
380.46813269970454
380.46813269970454
380.46813269970454
380.46813269970454
380.46813269970454
380.46813269970454
380.46813269970454
380.46813269970454
380.46813269970454
380.46813269970454
380.46813269970454
380.46813269970454
380.46813269970454
380.46813269970454
380.46813269970454
380.46813269970454
380.46813269970454
380.46813269970454
380.46813269970454
380.46813269970454
380.46813269970454
380.46813269970454
380.46813269970454
380.46813269970454
380.46813269970454
380.46813269970454
380.46813269970454
380.46813269970454
380.46813269970454
380.46813269970454
380.46813269970454
380.46813269970454
380.46813269970454
380.46813269970454
380.46813269970454
379.6801285292661
380.2972521594128
380.2972521594128
380.2972521594128
380.2972521594128
380.2972521594128
380.2972521594128
380.2972521594128
380.2972521594128
380.2972521594128
380.2972521594128
380.2972521594128
380.2972521594128
380.2972521594128
380.2972521594128
380.2972521594128
380.2972521594128
380.2972521594128
380.2972521594128
380.2972521594128
380.2972521594128
380.2972521594128
380.2972521594128
380.2972521594128
380.2972521594128
380.2972521594128
380.2972521594128
380.2972521594128
380.2972521594128
380.2972521594128
380.2972521594128
380.2972521594128
380.2972521594128
380.2972521594128
380.2972521594128
380.2972521594128
380.2972521594128
380.2972521594128
380.2972521594128
379.6801285292661
379.6801285292661
379.6801285292661
378.276354005904
377.6612238501591
377.6612238501591
377.04774233510534
377.04774233510534
377.04774233510534
376.4359175211632
376.4359175211632
376.4359175211632
375.8257574994029
375.8257574994029
375.8257574994029
375.8257574994029
375.8257574994029
375.217270391436
375.217270391436
375.217270391436
375.217270391436
374.61046434930245
373.20905669610966
372.6043478007201
372.6043478007201
372.0013440835933
371.4000538502923
371.4000538502923
371.4000538502923
371.4000538502923
371.4000538502923
371.4000538502923
371.4000538502923
371.4000538502923
370.80048543657546
370.80048543657546
370.80048543657546
369.60654756105174
369.60654756105174
368.2078217528791
367.6139279189514
367.02179771779225
366.43143969916116
365.8428624423333
365.8428624423333
365.8428624423333
365.2560745559203
365.2560745559203
365.2560745559203
364.67108467768594
364.67108467768594
364.0879014743555
364.0879014743555
364.0879014743555
363.5065336414189
363.5065336414189
362.92698990292797
362.34927901128765
361.77340974704043
361.19939091864484
360.6272313622475
360.6272313622475
360.0569399414487
360.0569399414487
360.0569399414487
359.4885255470611
359.4885255470611
358.92199709686224
358.92199709686224
358.92199709686224
358.92199709686224
358.35736353534026
358.35736353534026
357.79463383343244
357.79463383343244
356.67492202284143
356.67492202284143
356.1179579858337
356.3958473383213
355.8440669731617
355.8440669731617
355.2942442539704
355.2942442539704
354.7463882832354
354.7463882832354
355.0394344294729
355.0394344294729
354.4968265020154
354.4968265020154
353.9562119810867
354.2612030691478
354.2612030691478
353.7258825701054
353.1925820285585
352.66131060835124
352.4556709715422
351.93181157718607
352.7846368537043
352.264105466339
352.264105466339
351.7456467392312
351.7456467392312
351.2292698509052
351.2292698509052
350.71498399697725
351.57360538015365
351.062672467467
351.9232870953555
351.4157082431006
350.9102449345131
351.7740752244258
351.2719744016024
351.63901945034485
351.14242124813114
350.6479716182599
351.51813608973293
351.411439768258
350.9259181080816
350.44257732187737
351.31894341182345
350.76630396889607
350.76630396889607
350.76630396889607
351.17659375305755
350.70785562915466
351.1267577385694
351.1267577385694
351.550849806966
351.0911562543266
350.63371201297804
351.0697936308392
351.51102400920513
351.062672467467
351.0697936308392
351.96732802917944
351.52809276073515
351.5579610818108
352.02982828163863
352.93342148342936
352.08237672453873
352.98866837336294
352.5677239907249
353.47560028946833
353.0580688781946
353.5533905932738
353.5533905932738
354.0536682481909
354.5588808646598
354.1539213392956
354.66744987382197
354.66744987382197
355.7091508522096
355.31676008879737
355.84828227771453
356.384623686264
356.9257625893654
356.9257625893654
357.0952253951318
358.0223456713282
357.64926953651116
358.2080401107714
358.7715150342903
358.7715150342903
359.339672176619
359.9124893637341
360.84622763720284
360.48994438125453
361.0720149776219
362.008287197959
361.65867886724357
362.2499137335991
362.8456972323084
363.4460069941614
363.1087991222466
364.6601157242179
364.3295211755424
365.2738698565776
365.8920605861789
365.5680511204446
366.19393768876074
366.19393768876074
367.14166203251847
367.77302783102516
367.458841232593
367.458841232593
369.04877726392755
369.04877726392755
369.69311597594026
370.6453830819966
370.994609125254
371.94892122440683
372.6070316030013
373.2693397534815
373.9358233708025
373.9358233708025
374.60646016853474
375.2812278811718
375.2812278811718
376.9204160031664
376.9204160031664
377.60429022986483
378.565714242587
379.2545319439176
379.2545319439176
379.94736477570154
381.6084380618437
382.5728688759829
382.31008357091497
383.9817704006272
384.6920846599264
384.4385516568285
385.40627913929995
386.1243323076131
387.8156778677211
388.54214700595867
388.54214700595867
390.24351371931857
390.97826026519687
390.97826026519687
392.68944472700053
392.68944472700053
393.66229181876184
395.60839222645416
395.37956446938426
396.35337768208814
397.32732098359406
399.0513751385904
400.0262491387284
400.7804885470349
402.51459600864166
402.51459600864166
403.4910160090309
405.2307984346698
405.9975369383415
406.9754292337561
407.9534287146022
408.724846320847
409.7035513636659
409.7035513636659
410.68235900754246
411.66126852061274
412.6402791778815
413.417464556107
413.417464556107
415.3769372509745
416.35681812599154
416.1586236040291
418.1196001146084
418.9057173159612
419.88688953097835
420.676835587604
421.6586296994288
422.45236417849526
423.43476475131325
424.2322477134429
424.2322477134429
425.21523961401004
426.1983106489278
426.1983106489278
426.1983106489278
427.1814602718615
427.1814602718615
427.9836445473121
428.967364726036
429.95116001704196
431.74182099954135
432.7262414044242
432.551731010292
433.53661898391005
434.35008921375857
434.35008921375857
436.32098276383635
437.13842201298206
437.13842201298206
438.1244115545264
438.1244115545264
439.110464461962
440.096580309368
439.9318128983172
440.918359790109
441.90496715922984
442.7301661283089
443.71725231277634
443.71725231277634
444.545835657022
445.5333881989093
445.5333881989093
446.52099614687774
447.5086591340999
447.5086591340999
448.4963767969592
449.4841487750152
449.32950047821254
450.3176656539248
451.30588296630924
451.30588296630924
453.1313275420273
453.1313275420273
455.1087782058263
456.0975772792484
456.0975772792484
457.927941929732
458.9172038614373
458.9172038614373
459.90651223917234
459.76189489778295
460.75155995395176
461.74126954388646
461.74126954388646
462.73102338183463
463.7208211844709
463.7208211844709
465.70054756248675
465.70054756248675
465.70054756248675
466.6904755831214
466.6904755831214
467.68044645890427
468.6704599182671
468.53068202626815
470.5114238783156
471.5018557757753
472.49232798004243
473.3465960583217
474.33743263630373
475.3283075938146
476.3192206913343
476.3192206913343
477.31017169132275
478.3011603581994
479.29218645832316
480.28324975997236
480.28324975997236
482.26548705044195
482.26548705044195
483.25666058524223
485.2391163127721
485.2391163127721
487.2217154438008
487.09136719921446
488.082984747471
489.0746364308826
490.1958792156458
491.1873369703254
492.1788292887048
493.1703559623186
494.16191678436735
494.16191678436735
495.2837570524598
497.26652813154436
497.26652813154436
498.2579653151568
499.3806163639114
500.371861718862
501.3631418443123
502.35445653442747
502.35445653442747
503.3458055849875
504.3371887933707
505.3286059585386
506.32005688102066
506.32005688102066
508.43386983952985
508.43386983952985
509.5576513015971
510.54872441325324
510.54872441325324
511.5398322711536
512.5309746737264
512.5309746737264
512.5309746737264
513.522151420949
514.5133623143329
515.5046071569099
515.5046071569099
516.4958857532168
516.4958857532168
517.6195514081747
518.6106439324207
518.6106439324207
519.7355096585185
519.7355096585185
520.7264156925401
521.7173564297051
521.7173564297051
522.7083316726452
522.8431887287048
523.8339431537441
523.8339431537441
524.8247326489102
524.8247326489102
525.9515186782903
525.9515186782903
525.9515186782903
527.0796903694924
528.0700711079922
529.0604880351584
529.1993953133356
530.1895887321817
531.1798188937528
531.1798188937528
532.1700855929428
532.1700855929428
532.1700855929428
533.3001031314358
534.290183327375
535.2803004034429
535.2803004034429
535.4213294219796
536.4112228505292
536.4112228505292
536.4112228505292
537.5434866129438
538.5331930345612
538.6770832326172
539.6665637224526
540.6560829214816
541.6456406175536
542.779881720021
542.779881720021
543.7692525327265
543.9154346035788
544.9045788025643
546.0412072362304
547.1791297189615
548.3183381941552
549.4588246629587
550.7558442722147
551.7435998722596
551.7435998722596
552.8878729001026
553.8754372600396
553.8754372600396
555.020720333935
555.020720333935
556.1672410345651
557.1543771702776
557.1543771702776
558.1415591048565
558.1415591048565
559.2888341456496
559.4506233797581
560.4373292349467
560.6005708166912
561.7517245189373
561.7517245189373
562.9040770859632
564.0576211700361
564.0576211700361
565.2123494758408
565.2123494758408
566.3682547600987
566.3682547600987
567.3535053209771
568.5103341189147
568.5103341189147
569.6683245538583
569.6683245538583
570.8274695562575
570.8274695562575
571.0035026162274
571.9877621068479
572.1651859384665
572.1651859384665
573.3280038511986
574.3117620247734
574.3117620247734
574.3117620247734
575.4754556017137
575.4754556017137
576.6402691453312
576.6402691453312
576.8231964822496
577.8061958823217
577.8061958823217
578.9732290874941
578.9732290874941
579.1588728492382
580.141362083415
581.1239110551209
581.3105882400561
582.480900974444
582.480900974444
583.4629379832107
583.6522937503116
583.6522937503116
583.6522937503116
583.6522937503116
584.6340735879153
584.6340735879153
584.8247600777519
585.0170937673531
585.9982935128736
586.1919480852667
587.1728876574599
587.1728876574599
587.3678574794504
587.3678574794504
588.3485361586277
588.3485361586277
588.5448156257942
588.5448156257942
589.5252327084906
589.5252327084906
589.7228162450559
590.7029710438234
590.7029710438234
591.8817449457282
591.8817449457282
591.8817449457282
591.8817449457282
592.8617039411469
593.0615482393038
593.0615482393038
593.0615482393038
594.2423747933161
594.2423747933161
595.4242185198717
595.4242185198717
596.6070733740927
597.7909333537939
598.7695717051761
598.9757924991627
600.1616448924407
600.1616448924407
601.3484846576068
601.3484846576068
601.5588084302316
602.5363059600642
602.7478743222575
603.937910715994
604.1522986797286
605.3445299992394
606.5377152329442
607.7318487622646
607.7318487622646
607.9514783270125
608.9269250082476
608.9269250082476
610.1229384312641
611.09819178263
611.3198835307093
611.3198835307093
612.5177548447065
612.5177548447065
613.7165469498113
613.7165469498113
613.9421796879573
614.9162544607192
616.3448709935047
616.5744075129943
617.7782773778955
618.0105177098526
618.0105177098526
618.2442882874051
619.216440350222
619.216440350222
619.4513701655684
620.4232426336073
620.6593268452509
621.6309194369276
621.8681532286406
621.8681532286406
623.07784425383
623.3177359902412
623.3177359902412
624.5294228457135
624.771958397622
625.7419595967655
626.2307881284663
626.2307881284663
627.4464120544479
627.6941930590086
628.6628667258788
628.6628667258788
628.9117585162485
628.9117585162485
629.8801473296329
630.1301452874636
630.1301452874636
630.1301452874636
631.3493486177047
631.3493486177047
631.3493486177047
631.6019315993262
632.5693637855061
632.5693637855061
632.8230400356802
632.8230400356802
632.8230400356802
634.0449510878547
634.0449510878547
634.0449510878547
634.3011902873902
634.5589019153383
635.7837682734595
635.7837682734595
637.009419082638
637.270743091192
637.5335285300688
638.7620840344235
639.027385954624
639.027385954624
640.257760593341
641.4888931228661
641.7577424542691
642.0280367709809
642.990668672571
642.990668672571
643.2619994994263
644.2243398071823
644.4967028620084
644.7705018066506
644.7705018066506
646.0069659067153
646.2832196490947
647.800123494894
647.800123494894
649.3211840068057
649.3211840068057
649.6037253587759
650.8463720418206
650.8463720418206
651.1313231599291
652.0897177536232
652.0897177536232
653.333758503263
653.6206851071958
653.6206851071958
655.1557066835334
655.1557066835334
655.4464127600364
655.738514958516
656.6947540524441
656.9878233270385
656.9878233270385
656.9878233270385
656.9878233270385
657.2822833455957
657.2822833455957
657.5781322398122
657.8753681359411
657.8753681359411
659.128212110512
659.427782247609
659.427782247609
660.9841147864297
661.2873807959744
661.592019298903
661.8980284001457
662.2054061996172
662.2054061996172
662.8242602681347
662.8242602681347
663.1357327123912
663.1357327123912
663.4485662053992
663.4485662053992
664.7119676972877
664.7119676972877
665.0270671183241
665.3435202960949
665.6613252998856
665.9804801944273
667.2480798024076
667.5694720401765
668.2162823517548
668.2162823517548
668.5416965305903
667.9236483311547
669.196533164959
669.196533164959
669.196533164959
669.5259517001563
669.5259517001563
669.8567010935996
670.1887793748863
671.46481665088
671.7990771056477
671.7990771056477
672.8097799526996
674.0897566348268
674.4301298133114
675.1148050517038
675.1148050517038
675.4591031291236
675.8047055177997
676.1516102177085
676.1516102177085
676.4998152253997
677.786101952526
678.136416954583
678.4880249495933
678.4880249495933
679.7764338368902
679.7764338368902
680.130134606606
680.4851210717248
680.841391221186
681.1989430408711
681.5577745136504
681.5577745136504
681.9178836194282
681.9178836194282
682.2792683351884
682.2792683351884
682.6419266350405
682.6419266350405
683.3710558693571
683.3710558693571
683.7375227380753
684.1052550594828
684.4742507939944
684.4742507939944
684.6612300985065
684.6612300985065
685.0357654896568
685.4115551987725
685.4115551987725
685.7885971638782
685.7885971638782
686.1668893206667
686.1668893206667
685.6216157619303
685.6216157619303
686.0029154456998
686.0029154456998
686.3854602189647
687.1542767093864
687.5405442590277
687.0065501871143
687.3958102869118
687.7863040218233
688.1780292918396
688.1780292918396
687.651801422784
688.0465100558247
688.4424449436568
688.8396039717809
688.3211459776606
688.7212788929932
689.5251989593999
689.9289818524802
690.3339771443964
690.2347426781703
690.6439024562513
690.1427388591435
690.9681613504345
690.9681613504345
690.8892820126825
689.9804345052112
690.3984356876832
690.8176315063188
691.238019787685
690.7532120808415
691.1765331664552
691.1222757226104
691.5497089869968
691.9783233599156
691.0752491588742
691.9371358729057
692.3698433640795
691.9031724164878
691.9031724164878
691.4390790228739
691.876434054521
691.876434054521
690.9775683768613
691.4166616447712
691.4166616447712
690.5186456570162
690.9594778277523
690.5048877451918
690.0528965231579
689.6035092718133
689.6056844313277
689.1632607735268
689.6151100432762
689.1770454679987
689.6317858103699
689.6317858103699
689.1980847332645
689.1980847332645
688.3087969799601
688.7670143089026
688.3385794796046
687.9127851697481
687.4896362855225
687.9542135927361
687.1193491672317
687.5885397532452
687.1768331368571
687.2415877986431
687.2415877986431
687.3136110975834
686.4349932805
686.9133860975487
687.3929007489094
686.5158410408313
686.5158410408313
686.1209805857856
686.1209805857856
686.6039615382364
686.213523620746
685.3393320100635
685.440734126591
685.0583916718341
685.0583916718341
685.1715113750716
685.2919086053768
684.9211633465562
684.0540914284484
684.5531389161838
684.1878397048577
683.3227641459049
682.9611994835432
682.0975003619351
681.739686390634
680.5233280351233
679.6624162038092
679.3121521068205
678.9646529827602
678.6199230791858
677.7624952739714
677.083451282041
676.228511673384
675.8942224934312
674.7103082064183
673.8582937086995
672.6812023536855
671.8310799598363
670.9813708293249
670.6608680995187
668.9648720224403
668.117504635225
666.9572699956123
666.6468330383037
665.496055585606
664.653293078429
665.1924533546663
664.0512028450818
663.2111277715416
662.9155300639743
661.2389885661613
660.9485607821534
660.112111690128
659.276118178112
659.8257345693634
658.1565163393886
656.4891469019119
656.210332134446
654.5471717149193
655.1038085677719
654.2736430577041
653.174555536267
653.174555536267
652.0812832768627
651.818993279576
650.9938555777619
650.1692087449236
650.1692087449236
649.0893621066363
648.2669203345177
647.4449783572346
646.623538080698
646.623538080698
646.3745044476925
645.5548001525509
645.3100030218035
643.6746072356747
643.6746072356747
643.4353114338691
642.6196386666065
643.1990360689294
642.384619990236
641.5707287587238
641.5707287587238
639.9445288460555
639.1322241915204
638.3204524374885
637.5092156196646
636.6985157827839
635.6665792693525
635.6665792693525
634.8582518956496
633.2432392059153
633.0284353802758
632.2230619014147
632.0126581010858
632.0126581010858
631.0031695641472
630.2015550599665
630.2015550599665
629.4005084205128
628.6000318167348
628.4011457659828
627.6025812566421
626.80459475023
626.6115223964526
625.8154680095404
625.0199996800102
624.832777629343
624.0392615853589
623.2463397405555
622.45401436572
622.45401436572
621.6622877415036
621.6622877415036
620.8711621584627
620.0806399170998
619.2907233279052
619.2907233279052
618.5014147113974
617.7127163981652
617.5410917501765
616.7544081723291
616.7544081723291
615.9683433424157
615.1828996322963
615.1828996322963
614.3980794240815
613.6138851101725
612.8303190933034
612.0473837865824
611.2650816135337
610.4834150081392
609.7023864148803
608.9219982887792
608.1422530954414
607.3631533110977
606.5847014226455
605.0297513345935
604.2532581625026
604.2532581625026
602.7022482121665
601.9277365265701
600.3807125482963
598.9732882190991
598.2006352387132
596.0209727853543
595.2495275092623
593.0708220777684
592.30059935813
590.7622195096772
590.7622195096772
589.3538835029426
587.8179990439218
587.05110510074
585.6423823460867
584.1104347638382
582.7014673055148
580.5273464704311
579.7628825649327
578.3536980084073
576.1805272655438
574.0078396677175
573.2451482568343
571.0735504293646
570.312195205398
568.9024520952604
568.1417076751187
567.3817057325695
565.9717307427995
564.4537182090309
564.4537182090309
562.285514663147
561.5282717726686
559.3612428475896
559.3612428475896
557.9507146693155
555.7841307558178
555.0288280801277
553.6180994151113
552.8634551134666
551.4526271584895
550.6986471746594
550.6986471746594
550.6986471746594
549.2877205982307
547.8768109712255
547.8768109712255
545.7123784559042
545.7123784559042
542.890412514349
540.7263633299194
539.9740734516797
538.5629025471397
537.1517476467893
535.6491388959754
535.6491388959754
534.2377747782349
533.4875818610964
532.7382096302085
531.989661553681
530.5779867276817
529.9150875376167
528.4183948350019
527.7546778570513
526.2594417205263
524.8475969269556
523.4357649224975
523.4357649224975
522.0239458109178
521.2772774637314
520.5314591837846
519.1194467557539
518.3743820830655
518.3743820830655
516.9622810225133
516.2179772150521
515.5501915429768
514.8057886232439
513.3936111795705
512.6499780552028
510.56929010664163
509.1571466649565
507.74501474657535
506.3328944479116
506.3328944479116
504.92078586645647
504.1765563768312
504.1765563768312
502.76435832306174
502.76435832306174
501.3521716318779
501.3521716318779
499.9399963995679
497.86042220686716
497.86042220686716
496.44838603826685
494.3703065516779
492.95841609612467
492.2936115774813
490.881859514079
490.21831871116365
488.80671026490626
488.80671026490626
488.80671026490626
488.14444583545145
488.14444583545145
486.7329863487783
485.3215428970777
484.6607060614673
483.24941800275354
481.83814709921006
479.76765209838817
479.10959080360726
477.6986497782886
476.28772816439437
476.28772816439437
475.631159618459
474.87682613494627
474.220412888353
472.8096868720014
472.15463568623363
470.7440918375928
470.0904168348893
468.6800614491724
467.2697293855017
465.966737010272
464.5567780153466
463.9073183298578
463.25910676423837
461.8495426001849
461.202775360253
461.202775360253
459.7934318800128
459.1481242475025
459.1481242475025
457.0951760848062
455.8113644919354
454.4029049202921
453.763154079306
451.7167253932491
451.0798155537443
450.4442251822083
449.80995987194416
449.17702523615344
448.4027207767589
447.13868094809243
447.13868094809243
446.5086785270808
445.88002870727456
445.1022354470937
443.8468204234429
443.22116375462036
442.5968820495689
441.1915683691156
440.56895033581293
439.94772416731513
437.9235093027092
437.30538528584344
436.6886762901003
436.6886762901003
436.07338831898466
435.4595273960601
435.4595273960601
434.05644794196985
434.05644794196985
433.4443447548947
432.83368630456664
432.2244787144754
430.82246923761994
429.6091246703217
428.4016806689722
427.8001870032317
427.20018726587654
426.00469480981076
425.4092147568033
424.8152539634141
424.8152539634141
424.2228188110583
423.63191570041084
423.0425510513097
423.0425510513097
421.8684629123158
421.8684629123158
420.7006061321994
419.30537797648145
418.7242529398076
417.56676112928335
416.9904075635314
415.84251826863493
415.27099585692235
414.701097177232
414.1328289329403
413.56619784503664
413.0012106519786
412.43787410954394
411.8761949906792
411.316180085345
410.7578362003578
409.0928989850594
407.99142147844236
407.4432475817951
406.8967928111501
406.3520641020542
406.1095911204265
405.5712021334848
405.03456642612616
403.966582776348
403.966582776348
403.7548761315459
402.7033647736259
402.1803078222503
401.9950248448356
401.47851748256716
401.3103537164223
400.8004491015448
400.64947273146385
399.6448423287857
400.0124998046936
399.021302689468
399.3995493237317
399.3995493237317
398.81073205218536
398.32775449370837
398.24615503479754
398.6502226263018
398.1770962775232
398.5398348973412
398.07662578955825
398.0452235613436
398.02638103522736
398.4683174356526
398.46957223858385
398.4833748100415
398.5097238462319
398.9786961731165
399.45212479094414
399.50594488693156
399.50594488693156
400.48096084583096
400.064994719608
401.0635859810761
401.1645547652484
401.67773152117854
402.7170222376998
402.8523302650737
403.77345133131274
404.8468846366488
405.3899357408864
405.93718725930984
407.41624906230726
408.3442175420144
408.90218879335924
408.90218879335924
410.03048667141815
411.17514516322603
411.7535670762307
411.9854366358112
412.57484169541897
413.76563414570813
415.3083192039379
415.9146547069483
417.4685616905781
418.08372367266344
418.7027585292459
420.27253062744893
421.2196576609406
421.8483139707921
423.43004144722653
424.0672116540018
425.6594883237069
426.9543301103761
427.907700328003
428.5615475051396
430.17438324474875
431.7927743721518
433.4166586553867
434.37426258930213
435.332057170156
436.0045871318328
437.64026322997296
438.32065887886233
439.2812311037202
439.9659077701362
441.61634933503086
442.3087157178796
443.96846734875214
444.6684157886638
446.59825346725216
447.3030292765744
448.2688925187649
449.23490514429085
450.9112994813947
451.87830220093554
452.8454482491792
453.81273670975787
454.5283269500373
455.4964324777967
457.1848641414105
458.1539042723526
459.1230771808361
460.8177513941927
461.78783006917797
463.48786391878696
464.4588248704076
466.4011149214804
466.4011149214804
467.1359545143148
469.07995054148284
470.0521247691579
470.0521247691579
471.0244155030607
471.9968220231996
473.9419795713395
474.68410548490033
476.63088443784255
476.63088443784255
478.57810229888287
480.5257537323052
481.49974039453025
482.4738334873716
483.44803236749243
485.3967449417023
486.37125737444643
487.34587307168204
488.3205914151071
490.2703335915809
492.2204790538484
492.2204790538484
493.19570152222536
494.9272673838046
495.90321636383845
497.8554006938159
498.831634923047
499.8079631218374
500.78438474057873
501.7608992338881
502.9532781481795
504.9059318328514
505.88239740081883
506.8589547398763
509.02750416848795
510.980430153641
511.9570294468082
512.933718915027
514.8873663239369
515.8643232478865
516.8413683133346
516.8413683133346
519.9855767230472
519.9855767230472
522.1532342138656
523.345010485435
524.321466278084
526.7076988235506
527.9024531104208
529.8537534074851
532.024435529046
533.2204047108474
534.1956570396281
535.3923794750912
536.3674113888725
537.5648798052194
538.5396921304873
540.4895928692799
541.6871790987858
542.6619573915239
542.8858075138822
545.0596297654047
546.0338817326266
547.2339536249556
548.4350462908073
549.4087731370878
550.6105701854987
550.6105701854987
552.0443822737444
553.017178756682
553.2494916400738
554.4555888436873
554.690904919127
556.8707210834486
556.8707210834486
558.3189052862173
559.5301600450149
561.712559945031
562.9253947016425
564.1391672273784
565.3538714822779
565.6005657705798
567.7860512552242
568.0352101762707
569.5059262202633
570.4734875522262
570.7267297052066
571.9484242482009
571.9484242482009
573.1710041514661
574.3944637616208
574.3944637616208
575.8784593992034
577.1048431611018
578.3320845327536
579.8249735911692
581.3226298708834
581.5917812349139
582.8250166216271
583.0969044678594
584.3320973556048
584.6067054011611
585.5681002240474
585.5681002240474
586.8049079549352
586.8049079549352
588.3204908891072
589.2809177293967
589.8406564488413
591.3653692938063
591.6502345136018
593.1820968303073
593.4711450441378
595.010083948163
595.5980188012717
596.8492271922617
597.146548177246
598.3995320853786
599.9541649159543
599.9541649159543
600.5605714663593
601.8180788244899
603.3837916285123
603.6928026736778
604.3153150467064
605.8927297797853
606.2087099341283
606.8451202736989
607.4874484300067
609.0812753647907
609.0812753647907
609.7343683933193
611.3370592398272
611.3370592398272
613.2772619297083
613.6122554186805
614.2865780724824
615.906648770737
616.248326569736
616.9359772294042
617.2819453053847
618.9151799721833
619.2648867810931
619.6160101223983
620.3224967708329
620.6778552518206
621.034620613054
621.392790431302
622.1133337262593
623.407571336762
624.1354019762058
624.8687862263565
625.607704556138
625.9792328823696
627.6535668663088
628.4051241038698
628.782951422826
629.1621412640783
629.5426911655793
629.9245986624113
630.3078612868477
630.6924765684145
631.0784420339519
631.4657552076756
632.2444147637842
632.635756182023
633.4224498705426
634.214474763861
634.214474763861
635.0118109137813
635.4124644669791
636.2177300264431
636.2177300264431
635.7082664241515
636.1147695188346
636.1147695188346
636.9317074851903
636.4306717938726
636.8429947797181
636.3466036681582
636.3466036681582
636.6890921006893
637.1090958383816
637.0470940205284
637.4715679934283
636.9929355966202
637.4205832886164
637.8495120324229
637.3774391990981
637.3774391990981
637.8095326976542
637.3421373171556
637.3421373171556
638.2139139818247
637.7530870172249
637.7366227526846
637.7366227526846
637.7279984444779
638.173957475546
637.7272144106757
637.2832965016422
637.7342706801949
637.295065099362
637.295065099362
636.8586970435435
635.9685526816558
635.5359942599632
635.994496831537
635.5666762818831
634.7196231408006
635.1850124176419
634.3532139116188
633.9416376923036
633.5329509978151
634.0070977520678
632.7242685404125
633.2021794024402
631.4467515159137
631.0507111159926
630.1745789858553
629.7825021386352
628.5196894290584
628.6238939143182
627.7523397009365
626.5029928100903
626.1277824853327
625.7555433234292
625.0199996800102
624.1546282773204
622.9285673333661
621.2020605245929
620.8461967347469
619.632955869844
617.9134243565194
616.7090075554272
615.8514431256941
613.7988269783513
612.6091739437143
611.4253838368178
611.09819178263
609.0755289781391
607.3787944931894
607.062599737457
605.3701347109882
604.2151934534583
601.6851336039474
600.0008333327546
598.0209026447153
597.18171438851
595.5048278561644
592.9932545990722
591.8716076988319
590.2033547854502
587.7048579006303
586.5986703019365
585.768725692999
582.722060677301
581.0654007940931
579.4109077330181
577.1949410727714
574.7181918123003
573.0698037761194
572.2464504040196
569.7797820210893
568.1381874157026
565.9257901880776
564.2871609384711
563.4687214034157
561.2575166534521
559.0465096930666
556.8357028783266
554.6250986026507
553.8086312075679
550.7830788976728
549.3887512499687
546.3643472994921
545.5501810099599
543.9237078855821
542.528340273575
540.3202753922899
538.6965750772878
537.300660710556
535.0934497823721
533.6974798516478
531.4903573913641
530.0943312279429
527.8872985780204
525.6805113374472
523.4739726099092
522.0775804418344
520.6812844725648
518.4746859780138
517.0783306231272
514.2859126983744
513.4754132380634
510.09802979427394
508.7022704883476
506.723790639437
503.9335273624886
502.5385557347814
500.56368226230717
499.16930995404755
497.7750495956984
496.3809021306118
493.592949706537
492.1991466875984
490.2295380737477
487.68945036775193
485.7262603565922
483.7654390301151
481.80701530799655
480.41648597857255
478.4610746967824
476.5081321446676
475.94642555649057
473.99789029066363
472.60977560774177
471.49549308556493
469.00106609686935
466.51473717343595
464.0366364846638
462.40782865345176
459.9489102063402
458.87797942372436
457.28328200361756
456.228013168854
455.1790856355331
454.1365433435191
453.61768043143996
452.07079091664394
451.047669321104
450.89355728375625
449.75104224448444
448.7582868315637
448.153991391352
447.5712233823797
447.4874299910557
447.4147963579211
446.94183066703437
446.884772620415
447.7253622478852
447.6929751514982
447.6717547489455
448.1082458513791
448.5588032800159
449.4997219131509
449.9688878133687
450.9190614733425
451.88494110780016
452.86642622300894
453.7763766438266
454.77576892354324
455.2812317677943
456.7055944478894
459.05337380309055
459.5737155234185
462.07899757508994
462.61539101071855
464.62457963392336
466.0997747263991
467.58100902410484
468.13886828589654
470.56136688002766
472.06037749423535
473.56520142426007
474.14132914142806
475.6563885831872
477.1771159642927
479.6415328138296
481.1746044836531
481.7727680141334
483.31563185976097
484.2571630858959
485.8065458595633
487.6925260858526
489.57941133180833
491.4671911735309
493.3558553417604
494.3005158807747
496.8108291895417
499.02705337486464
499.97299927096066
503.43817892567506
504.38576506479643
507.54802728411823
508.4958210251093
510.3920062069938
511.34039543145815
513.5542814542588
516.7165567310574
518.9306312022832
520.1970780386987
523.6792911697005
526.8415321517467
528.1098370604358
531.2720583655798
533.8108279156578
536.0270515561691
538.2434393469185
540.4599892684009
542.6766993339588
544.2765841004002
546.4942817633136
547.768199149969
550.3180898353243
553.47990026739
555.0900827793629
557.6459450224668
560.2044269728685
561.4846391487482
564.0469838586143
564.3899361257251
566.9567884768644
568.5886034735483
570.224517185994
571.2836423353989
573.2896301172733
576.2377981354573
576.9662035162892
579.3694848712694
581.4163740384338
583.09518948453
583.47322132211
584.6161133598697
585.3853431714873
586.5500831131131
586.9412236331675
588.1232863949531
588.4020734157893
589.207094322531
589.5125104694556
590.3329568980542
590.2490999569588
590.592922409336
590.5294234837075
590.4743855579173
589.956778077852
589.4887615552989
588.5439660722043
587.194175720434
586.297705948096
585.4135290544625
583.1955075272786
581.8745569278657
580.5592131729545
579.672321229848
577.0138646514484
576.1284578980628
573.4744981252436
571.7070928368827
569.9412250399158
568.1769090697017
566.4141594275341
564.6529907828346
562.4179940222397
561.5380663855301
557.9480262533419
557.0682184436661
554.8333083007905
552.1231746630457
549.8881704492287
547.1791297189615
545.8250635505849
542.7089459369544
542.2361109332354
539.1196527673611
538.6473800177627
536.4121549704108
534.5886268898731
532.3532661682466
530.5327511096747
529.1814433632381
527.3651486399153
526.0152089055981
524.6656077922394
524.2032048738351
523.7423030460686
522.3944869540643
521.9358198092942
521.4786668695086
520.568919548603
520.1163331409618
519.6652768850349
519.6652768850349
519.2157547686703
518.7677707799512
519.2167177585868
519.2167177585868
520.5660380777832
520.124984979572
