380.0328933131973
379.0052770081177
379.0052770081177
379.0052770081177
379.0052770081177
378.6000528261981
378.6000528261981
378.00132274900835
378.00132274900835
378.80337907679757
378.20761494184643
379.0118731649445
379.0118731649445
378.41907985723975
378.41907985723975
379.2255265669757
379.2255265669757
379.2255265669757
379.2255265669757
379.2255265669757
378.6357088284199
378.6357088284199
378.6357088284199
378.6357088284199
379.2255265669757
379.2255265669757
378.41907985723975
379.0118731649445
378.20761494184643
378.00132274900835
378.4019027436305
379.0052770081177
378.6304266695956
378.6304266695956
378.4507894033252
379.0646382874562
379.51152815164915
379.51152815164915
379.3481250777444
379.3481250777444
379.97105152892897
379.97105152892897
379.18992602652304
379.18992602652304
379.18992602652304
379.81574480266084
379.81574480266084
379.81574480266084
379.81574480266084
379.81574480266084
379.81574480266084
379.81574480266084
379.81574480266084
379.81574480266084
379.18992602652304
379.18992602652304
378.565714242587
378.565714242587
377.3221435325523
376.70280062670093
375.4690400019687
374.24190037995476
374.24190037995476
373.02144710458674
372.4137484035733
371.8077460193642
371.01212918178294
370.4065334197009
369.80265007162944
369.80265007162944
369.2004875403065
369.2004875403065
368.6000542593558
368.6000542593558
368.6000542593558
367.8002175094517
367.2002178648591
367.2002178648591
367.2002178648591
367.2002178648591
366.4000545851488
366.4000545851488
366.4000545851488
366.4000545851488
366.4000545851488
365.80049207183964
365.80049207183964
365.80049207183964
365.80049207183964
365.80049207183964
365.80049207183964
365.80049207183964
365.80049207183964
365.80049207183964
365.80049207183964
365.80049207183964
365.80049207183964
365.80049207183964
365.80049207183964
365.80049207183964
365.80049207183964
365.80049207183964
365.80049207183964
365.80049207183964
367.2002178648591
367.2002178648591
368.00135869314397
368.00135869314397
368.80347069950415
368.80347069950415
369.60654756105174
369.60654756105174
370.4105830021599
370.4105830021599
370.62379848034584
370.62379848034584
371.4310164754688
371.4310164754688
371.6517186829626
371.6517186829626
371.87766805765574
371.87766805765574
371.29503093900945
372.1088550411022
372.1088550411022
371.52927206345396
371.52927206345396
371.1940193483726
371.1940193483726
370.0499966220781
369.48071668221064
369.173400992
368.6109059699672
368.05026830583887
367.4914965002592
367.4914965002592
366.93459907727424
366.3795845840759
366.3795845840759
366.3795845840759
365.8264615907384
365.8264615907384
365.8264615907384
365.2752386899501
365.2752386899501
365.2752386899501
365.2752386899501
365.2752386899501
364.72592449673766
364.72592449673766
364.72592449673766
364.72592449673766
365.0164379860173
365.0164379860173
365.0164379860173
365.3121952522253
366.15297349605123
366.15297349605123
367.29960522712247
367.29960522712247
367.6098475285993
367.6098475285993
368.4562389212591
368.77364330982226
368.2458417959394
369.09619342388237
369.42387578498494
368.90242612376517
369.23840536975564
368.5552875756906
368.9078475717208
368.40195439221003
368.26213489849863
368.6312520663434
368.13584449222003
368.0230971012553
367.535032343857
367.0490430446591
368.3177975607478
367.8382796827976
368.2404106015525
368.6475281349381
368.6475281349381
368.17658806610723
367.70776439993756
368.12633700945656
368.12633700945656
369.0121949204389
368.5498609415014
368.0896629898753
368.0896629898753
367.63160908714036
368.06657006579667
368.06657006579667
367.6139279189514
367.6139279189514
367.16345134013545
367.16345134013545
366.7151483099655
366.7151483099655
367.16481312892716
366.7219655270188
366.7219655270188
366.2813126546316
366.742416417845
366.742416417845
367.2083877037669
366.7764987018661
367.25059564281173
367.25059564281173
368.1548587211637
368.2132534279558
368.70177650778953
368.28521555989727
368.7817782917155
369.69311597594026
370.19589408852175
370.19589408852175
370.70338547145747
371.21557079411417
371.7324306540929
372.2539455801644
372.38958094984343
372.9235846658133
373.4621801467988
373.62681916586234
374.17776523999925
374.73323845103465
374.9266594948937
375.4943408361836
375.13330963805384
376.64306710730784
377.22407134221964
376.87265753832554
377.4612562899668
377.4612562899668
378.05422891431857
377.7115301390732
378.6515548627788
378.6515548627788
378.31204051681993
379.25321356581804
378.9168774282824
378.9168774282824
378.5828839237189
379.52602018833966
379.52602018833966
379.1952003915661
379.81179549877066
379.81179549877066
379.4864951483781
379.16355310076943
379.16355310076943
379.7907318511077
379.7907318511077
379.15827829548965
379.15827829548965
378.8456149937597
378.8456149937597
379.4864951483781
380.13155617496426
380.13155617496426
379.82759246795115
380.4799600504605
380.1815355853043
379.8855090681928
380.54828865730036
380.54828865730036
381.21516234273787
381.6018867877883
382.2800020927069
382.2800020927069
382.96213912082743
383.64827641995214
384.33839256571804
385.0324661635691
384.76616275343133
385.4672489330319
386.4324002979046
387.1382182115323
388.1043674065006
387.8479083352133
388.81486597093993
389.27882038456704
389.27882038456704
390.0
390.72496720839325
390.72496720839325
391.69503443367773
391.4537009660274
392.4245150344203
392.4245150344203
393.15772916222824
393.89465596781076
393.89465596781076
394.63527465243146
394.4058823090751
395.37956446938426
395.37956446938426
396.1275047254356
397.10200200955927
397.85424466756666
398.61008517096
399.58603579204316
400.3461002682554
401.32281270817384
402.2996395722969
405.0197526047341
405.9975369383415
406.9754292337561
408.724846320847
409.7035513636659
411.45838185653724
413.417464556107
413.417464556107
415.1782749614917
416.9436412754127
417.9246343540902
418.9057173159612
419.69512744371957
421.6586296994288
422.6405091800832
425.39981194166035
426.3824574252557
428.1646879414509
429.14799312125416
430.9350299059012
431.9189738828337
432.7262414044242
433.7107330929222
435.50660155731276
436.4916952245483
437.47685653071983
438.2921400162225
439.110464461962
439.110464461962
440.918359790109
442.7301661283089
443.71725231277634
445.5333881989093
446.52099614687774
447.5086591340999
449.32950047821254
450.3176656539248
451.1540756770352
452.142676596669
453.1313275420273
454.1200281863816
454.9604378404786
455.94955861366947
455.94955861366947
456.93872674572026
457.927941929732
457.927941929732
458.9172038614373
458.9172038614373
459.90651223917234
460.89586676384937
461.88526713892924
462.8747130703945
464.71066267087093
465.70054756248675
466.6904755831214
469.6605156919197
470.6506135128265
471.6407531161827
473.6211566220411
474.6114200058823
475.60172413480586
477.582453614033
478.57287846262244
479.5633430528234
480.5538471389028
481.5443904771397
482.53497282580463
484.51625359733805
485.5069515465252
486.49768755873856
489.47012166219093
490.4610076244594
491.4519305079592
493.30112507473564
495.4159868231949
496.4070910049533
499.24943665466463
500.2409419469782
501.23248099060777
503.2156595337629
503.2156595337629
505.1989707036229
505.1989707036229
506.190675536403
507.1824129442976
509.2946102208426
509.1659847240387
511.27781097951043
512.2694603428941
514.1254710671316
515.2446021066111
515.2446021066111
516.2363799656123
517.228189487
517.228189487
518.2200304889806
519.3399657257277
519.3399657257277
520.4613338183731
520.4613338183731
520.4613338183731
521.5841255253077
521.5841255253077
522.7083316726452
523.6993412254783
523.8339431537441
523.8339431537441
524.9609509287334
524.9609509287334
526.089346024038
527.0796903694924
528.2092388438506
528.2092388438506
529.1993953133356
530.1895887321817
531.3200542046197
532.4518757596784
533.4416556662968
535.4213294219796
537.5434866129438
539.5229374178637
540.5127195543135
543.4822904198443
544.4722215136416
545.4621893403795
547.4422343955571
548.4323112290158
549.4224240054277
550.4125725308244
551.5432893255071
552.5332569176267
553.5232605771865
554.5133001110073
554.5133001110073
556.493486035551
556.6345300104908
557.624425576929
558.6143571373725
559.6043245008029
559.6043245008029
560.7361233236182
561.7259118110896
561.7259118110896
562.7157364069358
562.7157364069358
562.7157364069358
563.848383876375
563.848383876375
563.848383876375
564.982300607727
564.982300607727
564.982300607727
565.9717307427995
566.1174789741084
566.1174789741084
566.1174789741084
567.2539114012349
567.2539114012349
567.4028551214736
567.4028551214736
567.4028551214736
568.5419949308933
568.5419949308933
568.6941181338171
569.6823676400736
569.8359413024068
570.8239658598787
571.9667822522563
572.1232384722719
573.1108095298849
574.2560404558232
575.402467843161
575.402467843161
576.5500845546725
577.5370118009754
578.6855795680415
580.8218315456127
580.8218315456127
581.9725079417411
584.9316199351853
586.0827586612662
587.0689908349784
589.207094322531
591.3459224514869
592.3318326748952
594.4711935830028
595.4569673788359
596.6112637220319
597.5968540747182
597.7666768899049
598.7520354871456
599.7374425529891
599.9083263299485
599.9083263299485
601.0657202003788
601.0657202003788
601.0657202003788
602.2242107388245
602.2242107388245
602.3993691895768
602.3993691895768
603.3837916285123
603.5602703955919
603.7383539249432
603.918040796928
604.0993295808231
604.6527929316129
604.8404748361339
606.2021115106743
606.394261186565
606.7833221175414
606.9802303205599
608.3584469702053
608.5597752070046
609.9458992402523
612.1086504861698
613.2935675514623
614.47945449787
616.644143732834
618.8093405888441
619.9975806404409
622.1639655267734
625.7363662118416
626.9290230959164
629.3170901858617
630.7336997497438
633.129528611642
634.328779104338
636.7299270491375
637.9318145381997
639.1345711194161
642.2842050058525
643.488150629054
644.6929501708546
646.133113220488
647.3407139984322
648.5491500264263
648.7873303325213
650.2384178130358
650.4805915628843
651.2157860494476
651.4637365195396
651.963956058922
652.4699226784328
652.7250569726889
652.9816230185961
653.7598947625955
653.0574247338437
653.3215134985224
652.623168451749
652.8904961783408
653.1592455136803
652.3258388259659
651.9202405202649
652.2001226617487
652.0897177536232
651.7054549411107
651.3286420847774
652.2100888517441
651.5519933205638
652.1502894272148
652.4515307668455
652.754165057566
652.754165057566
653.0581903628497
653.670406244615
654.9297672269905
655.2388877348475
656.8112362010869
657.1240369975824
658.7025125198779
660.2847870426821
661.2329392884175
662.4990566031018
664.0858378252017
665.6763477847173
666.6228318922177
667.8922068717377
668.2162823517548
669.1621627079643
669.4871171277308
670.4326961000635
670.7585258496533
670.7585258496533
671.085687524328
672.3585353068703
672.3585353068703
672.6878919677387
673.0185732949723
673.3505773369471
673.6839021380873
674.0185457389136
674.6917814824781
674.4301298133114
674.7718132820902
675.1148050517038
675.2140401383846
674.6258222155449
673.4567543651189
673.810804306372
673.2317580150241
672.4418190445922
671.8720116212611
670.7398899722604
669.9888058766355
669.4333424621155
670.0119401921133
669.8484903319556
670.0783536273948
669.0119580396154
669.7947446792936
669.664094901317
670.0604450346252
669.940295847324
669.8275897572449
670.2313033572813
671.4499236726444
671.8586160793058
672.6797157637503
673.9206184707514
674.3367111465903
675.1725705328971
675.5923326977594
676.9202316373769
677.3418634633474
677.7647084350143
678.1887642832193
678.1887642832193
679.94485070482
680.371957094059
681.2297703418429
681.6604726694954
681.6604726694954
681.624530075026
682.4954212300622
683.3710558693571
682.9128787773737
683.3542273228431
683.7901724944576
684.2368011149357
683.7909037125311
684.6911712589845
683.7989470597333
683.3600807773307
682.9238610562674
682.9480214481919
682.0923691113983
681.7132828396408
680.8825155634414
680.943463145069
680.6092858608381
680.2095265431086
679.511589305142
679.1244363148775
678.7400091345728
678.3583123983962
677.9793507179994
677.7263459538813
678.2241517374621
676.9911373127421
677.1307111629187
676.771748819349
676.06212732263
675.7114768893599
675.8764680028445
674.6762186412087
674.3367111465903
673.145600891813
673.145600891813
672.4827135324743
671.3046998196869
671.3046998196869
671.8310799598363
670.132076534171
670.6608680995187
669.8126603760189
669.8126603760189
669.4960791520739
669.1823368858446
668.3367414709444
667.4915729805134
667.1828834734896
666.3392529335189
665.496055585606
664.3508109425321
661.8285276414126
661.5323121359984
660.6935749649757
659.5642500924379
658.7275612876692
657.8913284122234
656.7708885144042
656.4891469019119
654.5471717149193
655.1038085677719
654.2736430577041
653.7354204875242
652.6446199885509
651.818993279576
650.4805915628843
648.5869255543162
647.5214282168583
645.6454135204555
645.4083978381441
643.5479780094099
643.3195162592225
643.3195162592225
642.2842050058525
640.6660596597887
639.6405240445605
638.0282125423608
637.2228809451211
635.6138765005056
634.0070977520678
632.402561664641
630.8002853518695
630.0
629.2002860774937
627.6025812566421
626.80459475023
625.2103645973889
625.2103645973889
623.8092657215024
622.2170039463724
621.4217569412903
621.4217569412903
618.431079425994
616.8443888048265
616.0519458617106
613.6782544623852
612.8882442990729
610.5219078788247
609.9065502189659
609.1182151274086
607.5434140865984
605.9711214241154
605.9711214241154
603.7814174020264
602.9966832412928
600.6463185602655
599.2411868354844
598.4588540576536
596.1157605700423
595.3360395608518
593.000843169721
591.4473772027399
590.0406765639128
587.7150670180237
587.7150670180237
586.9412236331675
586.1680646367558
585.3955927404988
584.6238106680227
581.6743074951823
580.9044671888829
579.3668958440757
577.8321555607649
576.423455456143
574.1262927266091
572.7172077037671
571.952795254993
569.7797820210893
567.6072585864279
566.8447759307658
565.4352305967501
564.0257086339238
564.0257086339238
561.8540735813882
560.4444664728165
559.0348826325599
558.2732305959153
556.8635380414128
554.6927077220323
553.9323063335447
551.762630122773
548.8351300709531
547.4248806914059
545.2568202232779
544.4997704315402
543.846485692424
540.922360417833
539.5118163673526
539.5118163673526
537.3453265824502
536.6907862074772
535.9346975145386
534.5240873898949
532.3579622772633
530.292372187268
529.5365898594732
528.1259319518405
525.9600745303773
523.1386049604828
521.7278984298233
519.5623158005207
518.8082497416555
515.9864339301955
515.9864339301955
514.5755532475284
513.1646909131609
512.4109678763716
511.0
510.3430218980171
509.5890501178376
509.5890501178376
507.42487128638066
506.7672049373361
506.01383380299
504.6028141023393
503.8501761436628
501.6871535130235
501.0279433325052
498.86471111915705
497.4535154162648
496.04233690280915
494.631175725914
493.2200320343852
491.15068970734427
489.73972679373276
488.3287826864192
486.91785754888883
486.26124665656835
484.19520856778416
484.19520856778416
482.78463107269687
480.7202928939031
480.7202928939031
478.65749759091835
478.65749759091835
477.24731534079893
477.24731534079893
476.59626519728414
476.59626519728414
475.1862792631959
474.5366160793074
473.77631853016885
473.1268328894484
472.4785709426407
471.8315377335432
470.4221508390097
470.4221508390097
469.13217753635274
467.72320874636955
467.0802928833543
465.79823958447935
465.1591125625725
463.11337704713304
462.47702645645006
461.20819593758307
461.20819593758307
459.80104393095934
459.16881427204964
458.53789374488997
457.90828776076984
457.90828776076984
456.5019167539168
455.87388606938214
455.2471856036015
454.62182085773225
452.59253197550663
452.59253197550663
450.72940884748135
448.7070313690215
448.0903926664797
446.07174310866185
445.4581910797017
443.4433447465414
442.8329256051316
442.2239251781839
441.61634933503086
440.21472033542904
438.2077133050033
438.2077133050033
437.6037019953099
437.00114416326187
435.600734618297
435.0
434.4007366476259
434.4007366476259
432.40374651475906
431.8078276270591
431.2134042443486
429.4391691497179
428.85078990250213
428.2639373096922
426.86766099108513
426.28277000132204
425.1176307799995
424.53739529045026
423.95872440604404
424.19924563817887
423.6248340218028
423.0520062592778
422.48076879308957
423.30249231489296
422.7339588914049
422.1670285562339
422.4275085739564
421.86490728668105
421.57442996462675
421.01781434993933
420.7433897282285
419.09664756473535
419.39003326259433
418.8472275185787
418.6096033298806
418.91765300593386
418.3837950972767
418.1698219623219
417.6421913552317
417.96770210149015
417.44460710374494
417.7774527185497
416.74212650030955
416.22710147226115
415.5538472929832
414.5419158541148
414.03864553927815
413.90457837525787
413.4077889929023
413.29045476516876
412.8001937984041
412.3117752381079
411.82520563948003
412.21596281560954
411.7341375208036
411.254179310071
411.254179310071
411.655195521689
411.1800092416945
410.7067080046295
411.11798793047234
411.11798793047234
411.06812087536053
410.6044325138247
409.6828041302197
410.11461812522606
409.65961480233807
409.6486299256962
410.0951109194061
409.6498504820916
410.1036454361263
409.66327636242914
410.58981964973265
411.0596063833079
411.5337167231866
411.10704202190453
412.01213574359673
412.4948484526807
412.9818397944394
413.4730946506677
413.4730946506677
413.9685978428799
414.87950057817994
415.38054841313885
414.97228823139505
415.48044478651457
415.07710127155894
415.5923483414968
415.5923483414968
415.3227660506946
415.3227660506946
415.8521371833984
415.07710127155894
414.69265727765185
415.234873294621
414.85539649376625
414.47798494009305
414.10264428037647
413.7293801508421
414.28733989828845
413.9190742162047
414.8493702538308
414.48401657965053
414.48401657965053
414.12075533592855
415.053008662749
414.69265727765185
415.26858778385827
415.26858778385827
414.9132439438394
415.4960890309318
415.1457575358322
415.7354928316802
415.3901780254319
415.98677863605235
417.5284421449633
417.1918024122718
418.41247591342204
419.02863863941326
420.5948168962618
420.27253062744893
421.8483139707921
421.8483139707921
422.48076879308957
423.1170050943356
424.0672116540018
424.70813507631334
424.70813507631334
425.3527947480773
426.30505509552665
426.30505509552665
426.9543301103761
427.907700328003
427.907700328003
428.86128293423735
428.5615475051396
430.17438324474875
430.17438324474875
431.129910815754
431.7927743721518
432.7493500861671
433.7061216999364
435.332057170156
436.9633851937711
437.92236754931804
438.88153299039595
439.84088031923545
439.5600072800072
441.2029011690653
441.2029011690653
442.16399672519697
443.12526445690276
443.12526445690276
443.81302369353693
443.81302369353693
444.50421820270725
445.46717050754705
445.46717050754705
446.1625264407579
447.12638034452857
447.12638034452857
447.12638034452857
447.12638034452857
447.82585901218346
448.79059704944797
449.7554891271478
450.7205342559844
450.7205342559844
451.68573145495753
453.61657818029533
454.5822257853908
455.548021617919
456.51396473711515
458.7046980356752
459.67053418725897
461.6026429733695
462.56891378474626
463.79305730034383
464.7590773723521
465.72524088780074
466.6915469558025
466.6915469558025
467.65799469270274
468.62458322200723
468.62458322200723
469.5913116743111
470.5581791872287
471.525184905324
471.7806693793208
472.74728978599126
473.7140487678194
474.68094547811796
474.68094547811796
476.615148731133
477.582453614033
478.5498929056405
479.2661056240051
480.23431780746364
481.202660009273
482.1711314460873
483.1397313407375
484.1084589221717
484.83089835529256
485.8003705227076
485.8003705227076
486.76996620580445
486.76996620580445
487.7396846679589
487.7396846679589
488.70952517830057
488.70952517830057
489.4374321606389
489.4374321606389
489.4374321606389
490.40799340956914
490.40799340956914
491.37867271585975
492.3494693812516
492.3494693812516
493.32038271289787
493.32038271289787
494.29141202331243
495.26255663031907
496.23381585700105
497.2051890316512
498.4144861458182
499.38562254033707
500.35687264191745
501.32823578968697
503.2712986054341
503.2712986054341
505.21480580046347
506.1867244406949
507.1587522659941
508.36600987870935
509.33780539048934
510.30970988214597
511.2817227321939
511.2817227321939
512.4890242727155
513.4608066834313
514.4326972500874
514.6688255567847
515.6403785585454
516.6120401229534
516.8491075739611
517.8204321963358
517.8204321963358
520.0009615375725
520.9721681625613
520.9721681625613
523.1529413087534
523.1529413087534
525.0952294584288
526.0665357157781
526.0665357157781
527.0379492977712
527.0379492977712
529.2182914450331
529.2182914450331
531.1609925436919
531.1609925436919
532.1325022961856
533.1041174104736
533.1041174104736
534.0758373115189
534.0758373115189
534.0758373115189
535.2840367505835
536.2555361019595
536.2555361019595
537.2271400441344
538.435697182124
538.435697182124
539.4070818964096
540.3785710036992
541.5874813915108
542.5587525789258
543.5301279598032
543.5301279598032
545.7105459856901
546.920469538305
548.8624600025037
551.0435554472986
551.0435554472986
553.2250898142636
553.2250898142636
555.4070579313878
556.3775696413363
556.6192594583841
557.5894547065968
558.8022906180682
559.0465096930666
560.2615460657638
560.2615460657638
561.4775151330639
561.7259118110896
563.1953479921509
563.1953479921509
564.4156269984027
564.6698150246744
564.9256588260088
566.1492736019362
566.1492736019362
566.4079801697712
567.3737745084804
567.6336846946277
567.6336846946277
567.8952368174961
568.8602640367843
569.1230095506594
569.1230095506594
569.3873900957063
570.3516459167976
570.6172096949057
570.6172096949057
571.8478818706947
573.0794011304192
573.0794011304192
573.3489338962793
573.3489338962793
574.5824570938448
575.8168111474342
576.0902707041666
577.3265973433062
578.5637389259717
579.8016902355495
580.0801668735107
581.6012379629191
582.5607264483249
582.8430320420756
585.0444427562747
586.2874721499684
587.5312757632568
587.5312757632568
588.7758486894652
590.0211860602973
590.0211860602973
591.2672830454937
592.5141348524945
592.5141348524945
593.7617367261047
593.7617367261047
595.010083948163
595.010083948163
595.3032840493995
596.2591718372138
596.5534343208494
596.5534343208494
597.8043158091116
598.1011620119125
598.3995320853786
598.3995320853786
599.9541649159543
599.9541649159543
600.2566117919902
601.1730200200271
601.1730200200271
601.791492129957
602.1029812249728
602.415969243844
603.0464327064708
603.0464327064708
603.6828637620915
603.6828637620915
604.0033112492017
604.3252435568119
604.6486583132389
603.702741421637
604.0281450396166
604.0281450396166
605.2999256566945
605.6277734714616
605.9570941906695
606.2878854141818
606.620144736391
606.953869746293
608.2310416280972
608.567169669873
608.9047544567212
610.5243647881713
610.5243647881713
611.2086386824061
612.4916325959074
612.4916325959074
613.7752031485143
614.121323518407
614.4688763476959
615.7548213371942
616.1046988945953
616.1046988945953
616.1046988945953
617.3920958353775
617.3920958353775
617.7442836643654
617.7442836643654
618.0978886875444
618.0978886875444
618.4529084740406
618.8093405888441
618.8093405888441
618.2337745545774
618.5935660835796
618.9547640983144
618.3858019068679
619.1163057132319
618.9232585708829
617.9943365436288
618.3655876583043
618.561233832189
618.561233832189
618.3922703268533
618.7729793712715
619.1550694292989
618.6153893979683
619.0008077539156
619.3876007799962
618.4658438426491
618.8545871204317
618.8545871204317
619.2447012288438
620.0290315783609
620.0290315783609
620.8188141478961
620.8188141478961
621.6140281557359
621.4989943676499
621.4989943676499
622.3061947305362
622.7118113541769
623.5270643685004
623.9366955068439
624.347659561562
625.1735758971264
625.5885229126251
626.0047923139247
626.0047923139247
625.5141884881589
625.9337025596241
625.9337025596241
626.3545321940283
626.7766747414904
627.2001275510074
626.7200331886639
627.1467132976143
627.5746967493193
628.0039808791024
627.9649671757176
628.833841328534
628.8091920447729
628.3510165504629
629.2352501251023
629.6769012755669
630.1253843482264
629.6824596572466
629.6959583799153
629.2606773031348
627.9394875304466
627.5109560796528
627.0853211485659
626.6625886392134
626.709661645646
626.2946590862803
625.4734206982739
625.9472821252601
626.4982043070834
626.1006308893163
626.5819978263021
627.1594693536883
626.7734838041571
626.3904533116704
626.8811689626672
627.373094737095
626.9968101992226
626.9968101992226
626.6234914204861
626.6234914204861
626.7519445522287
626.7519445522287
626.386462178103
626.0239612027642
626.5277328259301
625.8154680095404
625.8154680095404
625.1151893851245
624.7695575170096
623.5703649148186
623.2318990552393
623.4171957846527
622.234682414923
621.3831346279042
620.2080296158701
619.8870864923708
619.5692051740467
618.7220700767025
618.4084410808119
616.7179257975238
616.7179257975238
614.723515086254
613.881095978692
611.8986844241455
610.2196325914138
608.5425211108917
606.8673660693909
606.5789313848611
603.2395875603656
603.2395875603656
602.1270630024862
601.295268566118
599.6332212277769
599.6332212277769
598.8029726045121
597.7039400907443
597.7039400907443
594.395491234582
593.5697094697471
591.9197580753662
591.0955929458449
588.8811425067031
588.8811425067031
587.2350466380561
586.4128238706927
586.4128238706927
584.7700402722425
583.949484116563
583.949484116563
583.1294881928027
583.1294881928027
581.7370540029232
580.9173779462963
579.5248053362341
578.1323377912707
576.4937120212154
575.1008607192307
572.8891690370834
570.6776673394536
569.0421776986307
566.83154464091
564.0443244994137
561.8336052604899
560.4400057097994
559.0465096930666
556.2598313737924
554.8666506468018
552.0806100561765
552.0806100561765
549.2950027080167
547.0831746635972
546.2645879058974
544.0533062118086
543.4786104346701
540.4488875000114
539.0556557536522
537.420691823454
535.2102390649865
535.2102390649865
533.5784853233871
532.18417864495
530.7899772979893
530.2122216622322
528.0018939359971
527.424876167213
526.0313678859845
524.6379704138845
523.2446846361652
522.6700680161434
521.2772774637314
519.3120449209704
517.9198779734178
516.5278308087571
515.9573625795061
515.135904398053
513.7440997228094
513.174434281366
510.3920062069938
509.00098231732323
507.61008658221124
506.78693747964735
505.3958844312051
504.00496029305106
502.61416613541644
500.39984012787215
500.39984012787215
497.8774949724079
496.4876634922564
495.0979701028878
493.1460229992735
491.19649835885434
490.63734060913055
490.63734060913055
487.3048327279343
486.7494221876386
483.97623908617663
483.97623908617663
481.20369907140156
480.37069019664386
478.43181332348706
477.59815745038213
477.0461193637361
475.66059328054496
474.2752365451943
472.8900506460249
472.3409785313995
470.40939616465994
468.48052254069216
466.55439125572485
466.01287535861064
465.4728778350034
463.0172782953137
463.0172782953137
461.41738155383786
461.41738155383786
459.5095211200743
458.9814811078983
458.4550141507888
458.78208334676714
458.2597516692907
457.73900860643283
457.21985958617324
456.1863654253599
455.6720311803216
454.64821565689664
454.4931242604227
453.48428859222895
452.9823396116012
452.85096886282577
452.85096886282577
452.3549491273418
451.8605979724278
452.2388749322641
452.2388749322641
451.7488240161783
452.133829745132
452.133829745132
452.5229275959396
452.5229275959396
452.91610702204
452.91610702204
452.4356307807775
452.83551097501174
453.2394510631218
453.2394510631218
452.76594394896796
453.1765660313869
453.5912256646947
453.54602853514217
453.08387744434253
453.0540806570447
453.4886988669067
452.5836939174897
453.47657050833396
452.58037960123727
453.0309040231141
453.0309040231141
453.48539116491946
453.0452516029718
453.50633953672576
453.97136473570663
453.97136473570663
454.440315112997
455.34272806315903
455.38994279628093
455.38994279628093
456.3551248753541
456.8435180671824
457.33576287012585
457.41993834987125
458.8354824989018
458.4288385344011
459.85432475948295
460.36941688170384
459.9706512376632
460.4921280543241
461.01735325256465
461.5463140357639
461.5463140357639
462.61539101071855
462.61539101071855
462.61539101071855
463.1554814530429
463.1554814530429
464.62457963392336
464.62457963392336
464.62457963392336
465.17308606582134
465.17308606582134
465.72524088780074
466.6529759896534
467.58100902410484
467.20980297934676
468.13886828589654
469.63070598077377
470.56136688002766
471.49231170826107
472.99260036495286
473.92509956743163
475.79092046822416
477.30074376644336
478.2352977353303
480.68804853043724
480.68804853043724
482.2115718229914
483.14904532659483
484.0867690817422
484.67927539765924
485.61816275753114
486.5572936458768
487.15500613254505
488.0952775842028
489.6386422659061
491.5221256464453
492.4642118976769
494.34906695572914
494.9595943104851
495.90321636383845
496.84705896281605
497.7911208529136
498.73540078883514
499.6798975344115
500.62460986251966
500.9530916163708
501.8973998737192
501.8973998737192
502.8419234709851
502.8419234709851
504.11506622992334
504.11506622992334
505.0594024468805
505.0594024468805
506.3328944479116
506.3328944479116
507.2770446215756
508.2214084432099
509.4948478640388
510.43902672111585
511.38341779920864
513.6010124600613
515.4900581000569
517.3799377633424
518.3251875029806
521.1621628629615
523.0544904692053
524.0009541976045
525.8944761071369
526.8415321517467
529.0567077355697
530.0037735714718
531.8984865554704
533.7939677441101
536.6386121031546
537.5872022286245
539.4849395488255
541.6982554891607
542.6472150485986
545.4951878797832
546.4448737063968
547.7079513755483
547.7079513755483
548.6574523325096
548.6574523325096
549.9209034033895
549.9209034033895
551.185086880986
551.185086880986
551.5015865797668
552.4499977373517
552.7675822622018
554.0342949673784
554.6764822849442
555.0
556.5968020030299
558.1979935470926
558.528423627661
560.1365904848567
560.1365904848567
562.6908565100379
563.9689707776483
565.247733299303
566.8668273942302
568.1478680766126
570.3691786904338
571.6511173784234
573.872808207533
576.0946102854981
576.0946102854981
577.37769267612
577.37769267612
579.945687112164
580.2930294256514
581.5788854489131
582.2800013739095
583.5683336165525
584.27733141035
585.9257632157849
586.6455488623433
587.0076660487493
588.102882155835
588.102882155835
588.8403858432266
588.8403858432266
589.2113372975778
589.5837514721721
589.9576255969577
589.9576255969577
590.3329568980542
591.0879799150039
590.9246990945632
591.3078724319506
592.4660327816271
592.8549569667103
592.7174706384147
593.5065290289568
594.3012704007959
594.7007650911507
595.503988231817
594.9932772729453
595.8061765373031
596.2147264199367
596.6246726376643
596.5383474681238
597.786751275068
598.2056502575014
598.1412876570217
598.5649505275096
599.4163828258284
598.5123223459982
599.3705031113893
598.8998246785517
598.4321181220139
597.0678353420154
596.6070733740927
595.2520474555296
594.3551127062002
592.1114759907969
591.6637558613845
589.8762582101436
589.4336264584842
588.541417404077
588.102882155835
587.6674229528127
586.7776410191514
585.9180830116101
584.6067054011611
583.3009514821658
582.8842080550819
581.588342386606
580.2981992045125
579.4178112554015
578.1349323471122
578.1349323471122
576.857868109641
575.9809024611841
575.1043383595711
575.1043383595711
574.228177643696
573.3524221628439
572.4770737767583
571.1182014259394
571.1182014259394
569.7595984272665
568.4012667121705
567.0432082302018
566.1669365125449
563.4509739098869
563.4509739098869
559.8589107980688
558.5015666943111
557.624425576929
555.3899530960207
554.0324900220203
552.2789150420284
550.9210469749727
549.563463123232
548.6866136511807
547.3289687199098
547.3289687199098
545.4924380777427
544.6145425895272
543.2577657061149
542.779881720021
540.9482415166908
540.4738661582076
540.0009259251322
539.0593659329184
537.2392390732457
536.7727638395972
536.3077474734073
535.8441937727795
535.3821065370041
534.9214895664596
534.4623466625128
534.4623466625128
533.5484982642159
533.5484982642159
533.0938003766316
533.0938003766316
532.6405917689714
532.6405917689714
532.1888762460185
531.7386576129293
530.3960784168752
529.9481106674501
529.5016524997822
528.6132801964022
528.1713737036494
527.7309920783505
526.3933890162375
525.5187912910442
525.5187912910442
524.6503597635286
523.7489856792088
523.316347919688
522.8852646613786
522.8852646613786
522.4557397521822
522.0277770387319
522.0277770387319
522.0277770387319
521.6013803662717
521.6013803662717
521.6013803662717
521.6013803662717
521.6013803662717
521.6013803662717
521.6013803662717
521.1765535785354
521.1765535785354
521.1765535785354
521.1765535785354
521.1765535785354
521.1765535785354
521.1765535785354
521.1765535785354
522.0823689802213
522.0823689802213
522.0823689802213
522.5064592902178
522.5064592902178
522.9321179656113
524.2632926307163
524.2632926307163
524.6913378358747
524.6913378358747
525.1209384513247
525.1209384513247
525.1209384513247
525.1209384513247
525.552090662762
525.552090662762
525.552090662762
525.552090662762
525.552090662762
525.552090662762
525.552090662762
525.552090662762
525.552090662762
525.552090662762
525.552090662762
525.552090662762
525.1209384513247
526.0237637217543
526.9772291095697
528.4325879428709
529.9179181722392
