384.8792018283139
386.80356771881
386.80356771881
386.80356771881
386.80356771881
386.80356771881
386.80356771881
386.80356771881
386.80356771881
386.80356771881
385.5191305240247
384.8792018283139
384.24080990961903
382.968667125654
382.3349317025584
381.7027639407396
381.0721716420657
380.4431626406236
380.4431626406236
379.81574480266084
379.18992602652304
379.18992602652304
377.78433000853806
377.1604433129222
377.1604433129222
376.5381786751511
376.5381786751511
376.5381786751511
375.91754415030965
375.91754415030965
375.2985478255944
374.5130171302461
374.5130171302461
374.5130171302461
373.89437011006197
373.89437011006197
373.89437011006197
373.89437011006197
373.89437011006197
373.89437011006197
373.89437011006197
373.2773767588923
373.2773767588923
373.2773767588923
372.6620452903676
372.6620452903676
372.6620452903676
371.25866993243403
371.25866993243403
371.25866993243403
370.6453830819966
370.6453830819966
370.6453830819966
370.0337822415678
370.0337822415678
369.42387578498494
368.81567211820055
368.81567211820055
368.2091796791601
367.6044069376753
367.0013623952914
367.0013623952914
365.80049207183964
365.80049207183964
365.20268345125834
364.6066373504465
364.6066373504465
364.6066373504465
364.81776272544624
364.22657783308455
364.22657783308455
363.63718181726136
363.63718181726136
363.0495833904785
362.46379129507545
362.46379129507545
362.6927073984256
362.6927073984256
362.1118611699981
362.1118611699981
361.53284774692327
361.53284774692327
361.53284774692327
361.53284774692327
361.53284774692327
360.95567594927775
360.95567594927775
360.95567594927775
361.77340974704043
361.77340974704043
361.19939091864484
361.19939091864484
361.19939091864484
361.19939091864484
361.19939091864484
360.6272313622475
361.4484748895754
361.4484748895754
361.4484748895754
361.4484748895754
361.4484748895754
361.4484748895754
361.70291677010295
361.70291677010295
361.70291677010295
361.13709308239163
361.9627052611912
361.4000553403389
361.4000553403389
361.4000553403389
361.66835637086086
361.1107863246403
361.1107863246403
361.3876035505369
361.3876035505369
361.3876035505369
361.6697388502389
361.6697388502389
361.1204785109812
361.41112323778856
360.86701151532264
360.86701151532264
360.6272313622475
360.6272313622475
360.0902664610639
360.40116536992497
359.86942076258714
359.86942076258714
360.1888393606887
359.6623416483855
359.13785653979727
358.6153928653928
359.4690529099828
358.949857222426
358.43269940115675
358.43269940115675
359.2895768040036
358.77569594385847
358.2638692360702
359.12393403949005
358.6153928653928
358.6153928653928
358.10892197765753
358.10892197765753
358.9721437660588
358.4689665786984
357.9678756536681
357.9678756536681
357.9678756536681
358.83422356291493
358.33643409511126
358.33643409511126
357.8407467016578
357.8407467016578
357.3471701301131
357.3471701301131
357.3471701301131
357.3471701301131
356.8557131390781
356.8557131390781
357.72754995946286
357.2394155185007
357.2394155185007
356.7534162415267
356.2695608664877
356.2695608664877
356.66510903086663
356.1867487709221
355.7105564922132
356.1179579858337
355.64729719203547
355.178828197853
354.2485003496839
354.2485003496839
354.6744986603914
353.75980551781174
353.30581653859025
354.1976849162061
353.29874044496677
352.8526604689272
353.74849823002785
352.865413436908
353.3270439691816
353.3270439691816
353.3624201864143
353.41194094144583
352.98866837336294
353.47560028946833
353.0580688781946
353.5533905932738
354.0536682481909
353.6453025278294
354.1539213392956
354.66744987382197
354.66744987382197
355.18586683594265
355.18586683594265
355.7091508522096
355.31676008879737
356.23728047468586
356.23728047468586
356.7702341844117
356.7702341844117
356.7702341844117
357.3079903948413
358.23176855214837
357.8505274552491
358.77569594385847
358.77569594385847
359.70126494078386
359.32436599818834
360.25130117738644
360.25130117738644
360.25130117738644
360.25130117738644
360.25130117738644
360.25130117738644
360.25130117738644
360.25130117738644
360.8060420780118
360.8060420780118
360.8060420780118
361.3654659759286
361.3654659759286
361.3654659759286
360.99861495579177
361.9295511560226
361.9295511560226
361.56603822815
362.49827585796874
362.1380952067871
363.0716182793692
362.714763967501
362.714763967501
362.36031791574527
363.29602254910526
363.29602254910526
363.8818489564985
363.8818489564985
363.8818489564985
363.5340424224394
364.4722211636986
365.41072781186926
365.0671171168392
365.0671171168392
365.0671171168392
365.0671171168392
366.00683053735486
366.00683053735486
365.6665147371304
366.60741945574426
366.60741945574426
366.60741945574426
366.60741945574426
367.5486362374373
367.5486362374373
367.21247255505904
367.21247255505904
367.21247255505904
367.8219678050782
367.8219678050782
367.8219678050782
367.4914965002592
368.4358831601504
368.10867960427123
368.10867960427123
367.78390394360656
368.4087403957729
368.4087403957729
368.0896629898753
368.0896629898753
367.77302783102516
368.72211758992705
368.4087403957729
369.3589040486232
369.04877726392755
369.04877726392755
369.69311597594026
369.38868417968627
369.38868417968627
370.04053831979
370.04053831979
370.69664147386067
370.69664147386067
371.3569711207802
371.3569711207802
372.0215047547655
372.0215047547655
372.6902198877776
372.6902198877776
372.6902198877776
372.6902198877776
373.3630940518894
373.3630940518894
373.3630940518894
374.0401048016108
374.0401048016108
375.0
375.96010426639685
375.96010426639685
376.64306710730784
376.64306710730784
377.60429022986483
377.60429022986483
378.29221509304153
378.29221509304153
379.2545319439176
379.2545319439176
379.2545319439176
379.94736477570154
379.94736477570154
380.9107507015259
381.87432487665365
381.6084380618437
381.6084380618437
382.5728688759829
382.5728688759829
382.5728688759829
383.275357934736
383.9817704006272
383.9817704006272
384.6920846599264
384.6920846599264
384.6920846599264
385.40627913929995
385.40627913929995
386.3741709793759
387.09301207849256
386.84622267769396
386.84622267769396
387.5719288080601
388.54214700595867
388.54214700595867
389.27239819951274
389.27239819951274
389.27239819951274
390.24351371931857
390.97826026519687
390.97826026519687
390.97826026519687
390.7441618245882
391.71673438851195
392.68944472700053
392.68944472700053
392.4589150471677
393.4323321741618
394.4058823090751
395.37956446938426
396.1275047254356
396.1275047254356
396.1275047254356
397.10200200955927
397.10200200955927
398.07662578955825
397.85424466756666
398.82953752198443
398.82953752198443
399.80495244556437
399.80495244556437
400.7804885470349
400.7804885470349
400.7804885470349
401.756144943671
401.756144943671
402.7319207611932
402.7319207611932
403.7078151336682
403.7078151336682
404.6838272034107
404.46755123248147
404.46755123248147
405.4442008464297
405.4442008464297
405.4442008464297
406.4209640262175
406.20807475972214
407.18546143004664
407.18546143004664
407.18546143004664
408.1629576529453
408.93153461184676
408.93153461184676
408.93153461184676
409.90974616371346
409.7035513636659
409.7035513636659
410.68235900754246
410.68235900754246
411.45838185653724
411.45838185653724
411.45838185653724
412.23779545306127
412.23779545306127
412.23779545306127
413.0205806010156
414.00120772770697
414.9819273173231
414.9819273173231
414.9819273173231
415.9627387158614
415.9627387158614
416.9436412754127
416.75052489469044
417.73197148410844
417.73197148410844
418.7135058724521
418.7135058724521
418.7135058724521
419.69512744371957
419.69512744371957
419.69512744371957
420.676835587604
421.47004638526806
421.47004638526806
422.45236417849526
422.45236417849526
423.43476475131325
423.43476475131325
424.4172475288911
424.2322477134429
425.21523961401004
425.21523961401004
426.1983106489278
426.1983106489278
426.1983106489278
427.1814602718615
427.0
427.0
427.9836445473121
427.9836445473121
427.9836445473121
428.78899239602686
428.78899239602686
429.7731959999367
429.7731959999367
429.7731959999367
430.58216405234435
431.5669125408017
431.5669125408017
431.39425123661533
432.3794629720519
432.3794629720519
432.3794629720519
432.3794629720519
432.3794629720519
433.36474245143665
433.36474245143665
434.35008921375857
435.1666347504137
435.1666347504137
435.1666347504137
436.152496267074
436.152496267074
437.13842201298206
437.13842201298206
437.13842201298206
437.13842201298206
438.1244115545264
439.110464461962
439.110464461962
440.096580309368
440.096580309368
440.096580309368
441.0827586746052
441.0827586746052
441.0827586746052
442.06899913927464
442.06899913927464
442.06899913927464
443.0553012886766
443.0553012886766
443.0553012886766
444.04166471177
444.04166471177
444.04166471177
444.04166471177
445.0280890011326
445.0280890011326
445.0280890011326
445.0280890011326
446.0145737529212
446.0145737529212
446.0145737529212
446.0145737529212
447.0011185668331
447.0011185668331
447.0011185668331
447.0011185668331
447.9877230460674
447.9877230460674
447.9877230460674
447.9877230460674
448.97438679728714
448.97438679728714
449.79995553579147
449.79995553579147
450.78708943358174
450.78708943358174
451.7742799230607
451.7742799230607
452.7615266340549
452.7615266340549
453.74882919959146
453.74882919959146
454.7361872558638
454.7361872558638
454.5789260403522
454.5789260403522
455.5666800809734
456.5544874382465
456.5544874382465
457.54234776684876
458.3764828173452
458.3764828173452
459.3647787978525
460.3531253288067
460.3531253288067
461.3415220853202
462.3299687452675
462.3299687452675
463.3184649892555
463.1684358848301
463.1684358848301
464.157300922866
465.14621357160377
465.14621357160377
466.1351735280229
466.1351735280229
467.1241804916547
467.96687916988316
467.96687916988316
467.96687916988316
468.95628794163747
469.945741548958
469.945741548958
470.9352397092407
470.9352397092407
471.9247821422393
472.9143685700404
473.9039987170397
473.9039987170397
475.0378932253721
475.0378932253721
476.0273101409204
477.0167711936342
477.0167711936342
477.16244613338966
478.15164958410423
479.1408978578222
479.1408978578222
480.13019067748695
481.11952776830833
481.11952776830833
481.11952776830833
482.1089088577393
483.0983336754537
483.0983336754537
484.0878019533233
484.0878019533233
485.07731342539614
485.07731342539614
485.07731342539614
486.0668678278741
487.05646489909157
487.05646489909157
487.05646489909157
488.04610437949407
488.04610437949407
488.04610437949407
488.04610437949407
489.03578601161695
489.03578601161695
490.02550954006466
490.02550954006466
490.02550954006466
490.87371084628273
490.87371084628273
490.87371084628273
491.86380228677126
491.86380228677126
491.86380228677126
492.8539337369643
492.8539337369643
492.8539337369643
493.84410495620983
493.84410495620983
493.84410495620983
494.8343157057724
494.8343157057724
495.824565748814
495.824565748814
496.8148548503758
496.8148548503758
496.8148548503758
497.944776054534
497.944776054534
497.944776054534
498.9348654884723
498.9348654884723
498.9348654884723
498.9348654884723
498.9348654884723
499.9249943741561
499.9249943741561
499.9249943741561
499.9249943741561
499.9249943741561
500.9151624776395
500.9151624776395
501.9053695668139
501.9053695668139
501.9053695668139
502.8956154113893
503.03578401541176
504.02579299079525
504.02579299079525
505.01584133569514
505.01584133569514
505.01584133569514
506.0059288190209
506.0059288190209
506.0059288190209
506.99605521147794
506.99605521147794
507.98622028555064
509.11688245431424
509.11688245431424
510.10685155171166
510.10685155171166
511.09685970469434
512.0869066867459
512.0869066867459
513.2182771492068
513.2182771492068
514.2081290683764
514.2081290683764
516.1879502661797
516.3303206281809
517.3200170107474
518.3097529470191
518.3097529470191
519.4429708832337
520.4325124355703
520.4325124355703
521.4220938932297
522.5562170714267
523.545604508337
523.545604508337
524.5350321951814
525.6700486046357
525.6700486046357
525.6700486046357
526.6592826486589
527.7954149099819
527.7954149099819
528.7844551421684
528.7844551421684
528.7844551421684
529.7735365229184
530.7626588221896
530.7626588221896
531.7518218116418
531.7518218116418
531.7518218116418
532.8883560371722
532.8883560371722
532.8883560371722
533.8773267333986
533.8773267333986
534.8663384435405
534.8663384435405
534.8663384435405
536.0037313302959
536.0037313302959
536.9925511587661
536.9925511587661
537.9814123183068
537.9814123183068
539.1196527673611
539.1196527673611
540.1083224687433
540.1083224687433
540.1083224687433
541.0970338118664
541.0970338118664
542.0857865688788
543.0745805135792
543.0745805135792
543.0745805135792
544.063415421401
545.2017975025394
546.1904429775387
546.1904429775387
546.1904429775387
547.1791297189615
547.1791297189615
547.1791297189615
548.3183381941552
548.3183381941552
549.3068359305207
549.3068359305207
550.2953752304302
550.2953752304302
551.2839558702938
551.2839558702938
552.2725776281129
552.4237503945681
552.4237503945681
553.4121429820636
553.4121429820636
553.4121429820636
553.4121429820636
554.4005772002768
554.4005772002768
554.4005772002768
555.389052826935
555.5411775917245
556.5294241996554
556.5294241996554
556.5294241996554
556.5294241996554
557.5177127231026
557.5177127231026
557.5177127231026
558.506042939555
558.506042939555
558.6591089385369
559.6472103030623
559.6472103030623
560.6353538620268
561.6235393927145
561.6235393927145
562.611766673965
562.611766673965
562.611766673965
563.6000354861593
564.5883456112073
564.5883456112073
565.7296173968621
565.7296173968621
566.7177427961824
567.7059097807596
567.8600179621735
568.8479585970226
569.8359413024068
569.8359413024068
570.9789838514199
570.9789838514199
571.1357106677887
572.1232384722719
572.1232384722719
572.2813993133099
573.2686979070112
574.4153549479679
574.5763656817081
575.5632024374039
575.72562909775
576.7122332671642
576.7122332671642
576.8760698798313
577.041592954962
578.0276809980643
578.1946039180926
579.34877232976
579.518765873893
580.6754687430837
580.6754687430837
580.6754687430837
580.6754687430837
580.8485172572966
581.8333094624267
582.0077319074035
582.0077319074035
582.9922812525051
583.1680718283537
583.1680718283537
584.3295303165843
584.3295303165843
585.313591162891
585.4921007152872
585.4921007152872
585.4921007152872
585.4921007152872
586.655776414074
586.655776414074
587.6393451769546
587.8205508486412
588.8038722698756
588.8038722698756
589.9694907365973
589.9694907365973
589.9694907365973
591.1361941211179
591.1361941211179
592.3039760123175
593.472830043634
593.472830043634
594.6427498927402
594.6427498927402
595.6248819517197
595.8137292812243
596.9857619742702
596.9857619742702
598.1588417803418
598.1588417803418
599.3329625508679
599.3329625508679
600.3140844591271
601.4889857678194
602.6649151891953
603.8418667167755
605.0198343856175
605.0198343856175
606.1988122720136
606.1988122720136
607.3787944931894
608.5597752070046
608.762679539408
609.7417486116561
610.7208855115404
610.9247089453822
611.9035871769343
612.1086504861698
613.0872694812705
614.2719267555697
614.2719267555697
615.4575533698486
615.4575533698486
616.644143732834
617.6220527150889
617.831692291679
618.8093405888441
619.7870602069714
619.9975806404409
620.9750397560275
622.1639655267734
623.1412359971052
623.3538321050092
623.3538321050092
624.3308417818232
625.5213825282074
625.5213825282074
626.7128529079326
627.6894136434038
628.6660480732198
629.8579204868349
630.0745987579566
630.0745987579566
631.2685640834652
632.4634376784163
633.4390262685115
633.6592144047146
634.8558891591067
636.0534568729266
636.2774552033098
636.2774552033098
637.7036929483786
637.9318145381997
639.1345711194161
639.5975297012958
639.5975297012958
641.038220389393
641.2745122020679
641.5122757983669
641.7515095424396
643.204477596355
643.4477445760456
643.692473157796
643.938661675163
644.1863084543166
644.6859700660469
644.6859700660469
645.1914444566047
645.1914444566047
645.4463571823766
646.669158070802
646.669158070802
646.926580069176
647.1854448301507
647.1854448301507
647.4457506231699
647.4457506231699
648.6724905528213
648.6724905528213
648.6724905528213
648.9352818270863
650.1638255086175
650.1638255086175
650.429089140392
651.3931224690663
651.6594202495656
651.6594202495656
651.6594202495656
652.8904961783408
653.8539592294292
654.1223127214054
654.1223127214054
655.085490604089
655.3548657025444
656.3177584067034
656.3177584067034
656.5881509744141
657.5507584970152
657.8221644183176
657.8221644183176
658.0949779477123
658.0949779477123
659.3307212620992
659.3307212620992
659.605942968982
659.605942968982
660.8434005118005
660.8434005118005
660.8434005118005
661.1210176662061
662.0815659720485
662.3601739235232
662.3601739235232
662.3601739235232
662.6401738500315
662.6401738500315
662.9215639877767
663.204342567206
663.204342567206
663.7740579444184
663.7740579444184
663.7740579444184
664.0609911747565
664.0609911747565
663.1033102013592
663.3920409531606
663.3920409531606
663.6821528412528
663.0173451728092
663.310636127599
663.310636127599
663.6053043790413
663.9013480932239
663.2442988823952
663.2442988823952
663.54351778915
663.54351778915
663.844108206136
663.844108206136
664.1460682711296
664.1460682711296
664.4493961168149
664.7540898708334
664.7540898708334
665.0601476558342
665.0601476558342
665.3675675895241
665.3675675895241
665.6763477847173
665.6763477847173
666.9370285116879
667.2480798024076
667.2480798024076
667.8742396589346
667.8742396589346
668.1893444226719
668.5057965343308
668.823594081429
670.090292423342
670.4103221162395
670.7316900221728
671.0543942185313
671.0543942185313
671.7038037706799
672.0305052599919
672.3585353068703
672.6878919677387
672.6878919677387
673.0185732949723
673.3505773369471
673.3505773369471
673.0765186811972
673.4129490884475
673.7506957324794
674.0897566348268
674.0897566348268
674.7718132820902
674.7718132820902
675.1148050517038
674.5205704795073
674.8666534953405
675.2140401383846
675.562728397593
675.9127162585418
675.3280684230443
675.3280684230443
675.6811378157599
675.1007332243092
675.4568824136742
675.4568824136742
675.4568824136742
674.880730203493
675.239957348497
675.239957348497
675.6004736528831
674.668066533462
674.668066533462
675.030369687172
675.030369687172
674.4627491566899
674.4627491566899
674.8281262662367
674.8281262662367
674.8281262662367
674.2647847841381
674.2647847841381
674.2647847841381
673.7039409117331
673.7039409117331
674.0741798941716
674.0741798941716
674.0741798941716
673.5176315435253
673.8909407315103
673.3386963482791
673.715073306216
674.092723592237
674.4716450674557
673.5465833927153
673.9272957819709
674.3092762227137
674.6925225612034
675.0770326414608
674.1542850119696
674.5405843980035
675.3169626182953
675.7070371100185
676.0983656244111
675.5716098238587
675.5716098238587
675.9659754750974
675.9659754750974
676.3615896840979
676.7584502612435
677.1565550151604
677.5559017527631
677.9564882792995
678.3583123983962
677.8465903137671
677.8465903137671
678.2514283066421
678.2514283066421
678.6574983008734
679.0647980863093
679.4733254514117
679.8830781833005
679.8830781833005
679.3828081428026
679.7955575024008
679.7955575024008
680.2095265431086
680.2095265431086
681.0411147647402
680.1323400633145
680.55051245297
680.969896544627
681.3904901009406
681.3295825076143
680.424132435057
680.8494694130267
680.371957094059
680.371957094059
680.8002643947783
680.3271271969096
680.7584006092029
680.2896441957646
679.8235065073875
679.3599929345265
679.7977640445723
679.3386489814928
679.7793759742935
679.3246646486494
679.7683428933713
678.8725948217383
678.870385272476
679.3187764223803
678.8755408762346
678.8755408762346
678.4349637216526
678.8880614652168
678.4519142872249
678.9079466319422
678.4762339242252
678.4762339242252
678.0471959974468
678.5079218402685
678.083328212691
678.083328212691
678.5469770030664
678.126831794761
678.126831794761
677.7093772407167
677.7093772407167
678.1777053250865
677.7647084350143
677.7647084350143
677.3544124016614
677.3544124016614
677.3544124016614
677.4215821775979
677.4215821775979
677.0184635591559
677.0184635591559
676.61806065165
676.2203782791524
676.7015590347047
676.7015590347047
676.3083616221228
676.3083616221228
676.7924349458998
675.9178944220962
676.4037255958899
676.0177512462228
676.0177512462228
675.6345165842255
676.1249884451838
675.254026274557
675.7462541516601
674.8762849589546
675.3702688155587
675.3702688155587
674.997037030534
675.4938933846848
675.4938933846848
675.1251735789446
674.258852370512
674.7592163134935
674.7592163134935
674.7592163134935
674.3960260855634
674.8992517405838
674.5405843980035
674.5405843980035
674.184692795676
674.6925225612034
674.6925225612034
674.8518355905984
674.5050036878896
675.0185182644992
675.5331228000593
675.5331228000593
675.7099969661541
675.3739704785786
675.8942224934312
675.8942224934312
676.4155527484565
676.0857933724092
675.7588327206681
675.4346748576061
675.4346748576061
675.9622770539788
674.794783619435
675.3258472767054
674.4790582367996
674.4790582367996
674.1661516273269
673.320874472194
672.4760218773603
672.1681337284593
671.324809611562
670.481916236374
669.639455229454
669.639455229454
669.3377323892626
667.9558368634861
667.1146827944953
665.4336931655926
664.59386094065
663.7544726779624
662.9155300639743
662.07703479278
661.2389885661613
661.2389885661613
660.112111690128
660.112111690128
658.4405819813963
658.1565163393886
657.322599641911
656.4891469019119
656.210332134446
654.5471717149193
654.2736430577041
654.2736430577041
653.174555536267
653.7354204875242
652.6446199885509
651.818993279576
651.3033087586766
650.4805915628843
650.2284214028175
649.1594565282093
649.73302209446
648.6724905528213
648.6724905528213
647.8556938084283
647.3831940975916
646.5694084937827
644.9434083700678
644.715441105609
643.904496024061
642.8716823752621
642.0630810130731
641.2550194735321
639.6405240445605
638.8340942686137
637.2228809451211
636.4181015653153
635.6138765005056
634.0070977520678
633.204548309628
632.402561664641
631.6011399609725
630.8002853518695
630.0
629.2002860774937
628.4011457659828
626.80459475023
626.80459475023
626.0071884571295
625.2103645973889
624.4141254007632
623.6184731067545
622.8234099646544
622.8234099646544
621.8440318922422
621.8440318922422
621.0515276528994
620.2596230611823
620.0806399170998
618.5014147113974
618.5014147113974
618.3283917143058
617.5410917501765
616.7544081723291
616.5873822906207
615.8027281524498
614.2352969343264
614.075728229019
612.5136733167677
612.5136733167677
610.9541717674084
610.0262289442971
609.2495383666696
606.9233889050578
606.1493215371935
604.6031756449845
603.0596985373836
602.2889671909987
600.7495318350236
599.9808330271893
598.4454862391394
596.9128914674234
594.6192058788549
593.8560431619771
592.3318326748952
590.8104603000864
589.4005429247584
587.7763179986074
585.6090846289869
584.8529729769697
583.3429523016456
582.589048987363
581.835887514684
580.331801644542
578.8307179132773
578.8307179132773
577.4192584249333
575.1730174477937
575.1730174477937
573.6793529490145
572.9336785353083
571.5216531331074
570.7766638537354
570.0324552163675
569.2890302825094
567.1340229610635
566.3920903402518
564.2384247815811
564.2384247815811
563.4980035457091
562.0854027636725
561.3457045350931
560.6068140863077
559.1940629155499
557.7813191565311
557.7813191565311
555.6302727533841
554.2174663433118
553.47990026739
552.0670249163592
551.3302095840568
549.9172665046989
549.1812087098392
547.768199149969
546.3551958204479
544.2067621777591
544.2067621777591
542.7936993002038
541.3252257192528
541.3252257192528
539.9120298715338
538.4988393673658
537.7657482584773
537.7657482584773
536.3524960322269
535.620201262051
535.620201262051
534.2068887612738
533.475397745763
533.475397745763
532.0620264593217
532.0620264593217
530.6486596609851
529.9179181722392
529.9179181722392
528.5044938314148
527.8219396728408
526.4085865561085
525.6776578855145
524.995238073642
523.5818942629701
523.5818942629701
522.1685551620282
522.1685551620282
520.0740331914294
519.3938775149356
517.9806946209482
517.9806946209482
517.3016528100408
515.8885538563537
515.8885538563537
513.797625529741
513.1208434667218
511.0322886080683
511.0322886080683
509.61946587625556
507.5322649842077
507.5322649842077
506.8589547398763
505.4463374088292
504.03372903011166
503.3616989799681
502.6211296792048
500.5367119402932
499.8659820391862
498.4536086738665
497.04124577342674
497.04124577342674
494.9595943104851
494.2165517260627
492.8042207611457
491.39190062515274
489.979591411724
488.5672932155815
486.4863821321209
485.0742211249738
483.66207211233757
482.24993519958093
480.8378104933097
480.17080294411903
478.75881192934713
477.3468340735068
475.26939728957933
475.26939728957933
472.4457640830321
471.03396905106536
468.95842033169635
468.29584666106103
466.22312254970797
465.56309991235344
464.9042912256242
463.49325777189034
462.8358240240269
460.76892256314335
460.11411627986377
458.0502155877672
458.0502155877672
456.7471948463395
456.0975772792484
456.0975772792484
455.44922878406544
454.80215478821117
454.1563607393383
453.3927657120259
452.74717006293923
452.10286440145455
451.4598542506299
450.81814515389686
450.1777426750461
449.53865239821147
449.53865239821147
448.9008799278522
447.6293109259044
447.6293109259044
446.3630809105968
446.3630809105968
445.1022354470937
443.8468204234429
443.22116375462036
441.97398113463646
441.3524668561398
440.732345080322
440.1136216933077
439.49630260105715
438.2659010235681
437.65283044897586
437.0411879903312
436.4309796519949
435.21488945117676
435.21488945117676
434.00460827046527
433.4016612796956
432.8001848428441
432.20018509945135
432.20018509945135
430.20227800419656
429.60563311018166
429.01048938225273
428.4168530765334
427.8247304679803
427.2341278502924
427.2341278502924
426.64505153581706
426.64505153581706
426.0575078554537
425.4715031585547
424.88704381282326
424.30413620420904
423.72278673680034
423.14300183271376
423.14300183271376
423.38162454220895
422.8061021319347
422.23216362565273
422.23216362565273
421.08906421326117
421.08906421326117
421.34309060431974
420.7766628509713
420.2118513321584
420.2118513321584
419.64866257382494
418.5271795236242
419.35665012015727
418.2439479538228
417.6900764921283
417.6900764921283
416.58732577936166
416.58732577936166
416.0384597606332
415.4912754800033
415.7848001069784
415.24209805847
415.24209805847
414.16180412973864
413.62422559613213
413.08836827003495
412.5542388583591
412.0218440811118
412.33966580963323
411.8118502423164
410.7614879708174
410.7614879708174
410.23895475685873
410.5727706509529
410.05487437658877
409.53876495394184
409.0244491469917
408.5119337302155
408.8618348537804
408.35401308178666
407.84801090602366
407.84801090602366
407.3438351073942
406.8414924758781
406.8414924758781
406.8414924758781
407.20756378043865
406.70997037200846
406.21422919439937
406.21422919439937
405.72034703721727
405.72034703721727
405.2283306976451
404.7381869801761
404.7381869801761
405.123437979093
404.63810992045717
404.1546733615733
404.1546733615733
403.6731350981881
403.1935019317648
403.59509412281017
403.59509412281017
403.12032943030795
403.52942891442257
403.52942891442257
403.47614551544433
403.0111660984097
402.54813376787627
402.975185340239
402.975185340239
403.4067426308093
402.9516099980245
403.8427911947915
403.3906295391602
404.2833164997042
403.8341243629617
404.2820797413608
405.1777387764535
404.7344808636892
404.7344808636892
405.1913128387626
405.1913128387626
405.652560696959
405.652560696959
406.5525796253173
406.1182093922901
407.0196555450363
407.0196555450363
407.49110419737997
407.49110419737997
407.966910422892
407.54140893901814
408.4470589929618
408.4470589929618
408.0245090677765
408.5119337302155
408.5119337302155
409.42032191868543
409.0036674652197
409.49969474958095
409.49969474958095
409.0880100907383
410.0
409.59125967237145
410.0987685911773
410.0987685911773
410.61052105371095
410.20970246935894
409.8109320162165
410.7286208678426
410.33279176785277
410.33279176785277
410.85885654321726
410.4680255513211
410.4680255513211
411.0012165432117
411.0012165432117
411.5385765636072
411.5385765636072
411.15568827391894
412.0800893030383
411.7001335924
412.62573841194154
412.24871133819204
413.1755075025624
413.7293801508421
414.28733989828845
414.28733989828845
415.21681083501426
414.8493702538308
415.7799898985039
416.3472108709268
416.3472108709268
417.2792829748441
418.21166889507043
417.85164831552356
418.78514777866707
418.78514777866707
419.36261159049457
420.2975136733502
419.9440438915642
420.880030412468
421.46648739846444
421.46648739846444
422.4038352098617
422.9952718411874
422.9952718411874
422.6511563925976
423.59060423951803
424.1898160022232
424.79289071263895
425.39981194166035
425.39981194166035
426.01056324931665
426.62512818632706
426.62512818632706
427.2434902956393
427.2434902956393
427.86563311394855
428.81231325604443
429.4391691497179
430.3870351207155
431.0185610852507
431.9675913769458
432.60374478268216
432.60374478268216
433.2435804486894
434.1946568072896
435.14595252627595
435.79123442308935
435.79123442308935
436.74363189404374
436.74363189404374
437.69624170193646
438.34689459376807
439.30058046854435
440.2544718682594
440.9104217411968
441.86536410992886
441.86536410992886
442.8205053969385
443.77584431782674
445.6871099773921
445.39420741630664
446.3507589329271
446.3507589329271
446.3507589329271
448.26443088873333
447.9754457556798
448.9331798831537
449.8910979337111
450.8491987350094
450.8491987350094
451.52297837430154
451.52297837430154
452.48204384262584
452.48204384262584
453.4412861661364
453.4412861661364
454.1200281863816
454.1200281863816
455.0802127098035
455.0802127098035
456.0405683708413
456.0405683708413
456.72420562085387
456.72420562085387
457.68548152634247
457.68548152634247
458.6469230246727
458.6469230246727
459.608529076648
459.608529076648
460.5702986515739
460.5702986515739
461.53223072717253
462.4943242894987
462.4943242894987
463.4565783328574
464.4189918597214
464.4189918597214
465.3815638806505
465.3815638806505
466.07510124442393
466.07510124442393
466.07510124442393
467.0385423067351
467.0385423067351
468.0021367472589
468.96588362054655
468.96588362054655
469.6647740676322
470.6293658496036
470.6293658496036
470.6293658496036
471.59410513703415
471.59410513703415
471.59410513703415
471.59410513703415
472.5589910265172
472.2975756871932
473.2631403352685
473.2631403352685
474.2288477096264
474.2288477096264
474.2288477096264
475.19469694010684
475.19469694010684
476.16068716348263
476.16068716348263
477.12681752339176
477.12681752339176
477.12681752339176
478.0930871702706
478.0930871702706
479.05949526128796
479.05949526128796
480.02604096027954
480.9927234376836
480.9927234376836
481.9595418704769
483.18216026670524
484.1487374764082
485.11545017655334
487.04927882094233
488.01639316727875
488.01639316727875
488.9836398081228
489.9510179599589
489.9510179599589
491.8861656928359
491.8861656928359
493.8218302181466
493.8218302181466
494.78985438264596
495.7580054825136
495.7580054825136
496.72628277553423
497.944776054534
498.9128180353758
498.9128180353758
499.8809858356287
499.8809858356287
500.8492787256462
501.8176959813195
503.03578401541176
503.03578401541176
504.0039682383463
504.0039682383463
504.9722764667383
505.9407079885942
506.190675536403
507.1587522659941
507.1587522659941
508.1269526407746
509.095275955297
510.31362905570137
510.31362905570137
511.2817227321939
511.2817227321939
512.2499389946279
513.4685968976097
513.4685968976097
514.4365850131578
515.4046953608397
515.4046953608397
516.6236541235796
517.5915377979048
517.5915377979048
518.5595433506165
518.5595433506165
519.7787991059274
520.7465794414784
520.7465794414784
521.7144813017941
522.6825040117567
523.6506469011568
523.6506469011568
524.8695075921253
525.837427348035
525.837427348035
527.0569229219933
527.0569229219933
528.024620638091
528.9924385092853
529.9603758772914
529.9603758772914
531.1798188937528
532.1475359334102
532.1475359334102
533.115372128773
534.083326832059
535.302718095098
535.302718095098
535.302718095098
536.2704541553636
537.2383083883725
537.4904650317064
538.4579835047485
539.4256204519767
539.6786080622429
540.6459100002514
541.6133307074338
542.5808695484941
542.5808695484941
543.8014343489726
543.8014343489726
545.0229352972221
545.0229352972221
545.9899266470032
546.2453661130683
546.2453661130683
547.2120247216795
547.4687205676686
548.4350462908073
548.4350462908073
549.6589851899084
549.6589851899084
549.9181757316264
550.8838353046856
551.1442642357806
551.4063837135004
551.4063837135004
552.3712519673702
552.6345989892417
553.5991329472979
553.8637016450889
554.1299486582548
554.1299486582548
555.0936857864625
555.3611437614267
556.5932087260857
556.8635380414128
556.8635380414128
557.826137788469
559.0599252316338
559.0599252316338
559.3326380607518
560.2945653850303
560.2945653850303
561.5300526240782
562.4917777176836
562.7663813697475
562.7663813697475
563.727771180381
564.6892950995264
565.9257901880776
566.8871139830222
566.8871139830222
568.1241061599129
569.0852308749543
570.3227156619312
570.3227156619312
571.5610203644052
572.5216153124701
572.5216153124701
573.4823449767221
574.7208017811779
574.7208017811779
575.960068060278
576.9202717880522
578.1600124532999
578.4410082281511
579.4005522952149
579.6826718127772
580.6418861914804
581.884009060225
581.884009060225
583.1269158596608
584.3706015877253
584.6571644989908
585.9027223012366
586.8602900179906
587.1490441106074
588.3961250722169
588.3961250722169
588.6875232243333
589.9364372540485
590.2304634632137
590.2304634632137
590.5260366825497
590.8231545902717
591.777829932822
592.0760086340266
592.0760086340266
592.6769777880696
592.6769777880696
593.9326561151526
594.2364849115207
595.1890455981192
595.4939126473082
595.4939126473082
595.8003021147271
597.0594610254493
597.0594610254493
597.3683955483417
598.6292675771875
598.6292675771875
599.8908234003917
600.2032988913006
601.4665410477959
601.7815218166805
603.0464327064708
603.3639034612528
604.6304656565032
605.8976811310636
606.2186074346448
607.4874484300067
608.1356756514125
609.4070888987098
609.7343683933193
611.007364931062
612.2809812496221
612.9437168288782
614.5543100491608
615.4965475126567
616.168808038836
617.4479735167976
619.067847654843
619.409396118593
620.6915498055374
622.3190500057025
622.3190500057025
624.2988066623226
625.2359554600167
625.9360989749673
627.2240429065199
627.5770868984941
628.8664405102247
629.2217415188385
630.1563298103099
630.5124899635216
632.1621627399096
632.1621627399096
633.4548129109131
633.815430547411
635.4722653271344
635.8364569604357
636.2020119427476
636.2020119427476
637.8667572463704
638.2358498235585
639.5349873150021
639.9062431325389
640.6527920800783
641.0280805081786
641.404708432983
642.1619733369456
642.5426055912557
642.9245678926883
643.3078578721078
644.615389205067
645.0007751933326
645.3874805107394
645.7755027871528
646.1648396500694
646.5554887246724
647.3407139984322
646.8168210552351
647.6109943476871
648.0100307865612
648.4103638900291
648.4103638900291
648.3000848372611
648.7048635550684
648.6054270509923
649.0146377393964
648.5136852835104
648.9260358469214
648.4296415186462
648.4296415186462
647.4449783572346
646.9567218910396
646.8941180749753
646.4131805586889
645.0310070066399
644.1273166075166
643.6536335638913
643.1827112104305
643.1492828263124
642.6857708087211
642.2250384405766
640.869721550332
640.8595790030762
640.4100249059192
639.9632801966063
639.5193507627428
639.0782424711391
638.6399611674797
638.2045126759916
637.771902799112
637.3421373171556
636.9152219879817
636.4911625466609
636.0699647051415
636.0699647051415
635.651634151915
635.705906846869
635.2952069707436
634.8873915900363
635.3621014822965
634.9590537979594
635.0385815050925
634.1616513161293
634.6432068493289
634.2507390614535
633.3758757641468
633.8611835410021
633.4745456606761
632.6017704685943
632.6017704685943
632.2191075885005
631.3477647065839
630.4768036970115
630.0991985394046
630.5933713574858
629.7245429550924
628.8561043672869
628.485481136995
627.6185147045935
626.386462178103
626.386462178103
625.1599795252412
625.1599795252412
624.4461546042221
623.5847977621007
622.3736819628542
622.0265267655392
621.6823947965713
620.8252572181644
620.4852939433779
620.148369343982
619.8144883753525
619.4836559587347
618.3049409474261
617.9813913055958
617.6609102088297
617.3435024360425
616.1834142526071
615.3381184357102
615.0292675962665
614.1856396888485
613.881095978692
613.0391504626764
611.3566880308091
611.0589169630044
609.3808333054134
608.5425211108917
606.8673660693909
606.0305272838984
605.1941837129633
604.358337412499
602.6881448975083
601.8538028458406
599.634055070257
598.8004676016878
597.1348256466039
595.4712419588371
594.084169120841
592.4221467838622
590.7622195096772
588.5448156257942
586.8875531138823
586.0597239189876
584.4056810127704
583.579471880223
582.1898315841663
580.538543078752
579.7137224527293
578.0657402060773
576.4199857742617
575.5979499616029
573.9555731936053
573.1352370950507
570.9229370063879
569.2846388231462
567.6486589431883
566.83154464091
566.015017468618
565.1990799709426
564.3837347053865
563.5689842423907
562.7548311654019
561.1283275686587
560.3159822814266
558.9203878907979
558.108412407482
557.2970482606202
555.901070335361
555.0900827793629
554.2797127804697
554.2797127804697
552.0733646898752
551.487080537704
549.8672567083805
549.280438391902
548.4706008529537
547.0740352091296
547.0740352091296
545.6775604695506
544.8678738923777
544.2811773339217
543.4712503895676
542.8848865091015
542.0747180970535
540.6782777216041
539.2819299772615
539.2819299772615
538.4719119879885
537.0754136990447
535.6790083622841
534.8691428751522
533.4725859873214
532.0761223734814
531.2664115112116
529.8697953271162
529.0604880351584
527.6637186693813
526.2670424793861
525.4578955539635
524.0610651441299
521.8553439412113
520.4584517519146
519.649882132191
518.2528340491733
516.8558793319469
516.0474784358508
515.4590187396084
514.0622530394544
512.6655830070905
511.26900942654447
510.45959683406875
509.0628644872851
508.47615479980965
507.07987536481863
505.6836956042779
505.0990001969911
503.7032856752078
502.3076746377662
502.3076746377662
500.9121679496317
500.3298911718148
498.354291644007
496.9597569220268
495.5653337351191
494.98686851269093
493.592949706537
492.44085939328795
492.44085939328795
491.04785917464295
489.08179275045603
488.5099794272375
487.37049561909265
485.9794234327211
485.41219597368996
484.02169372870054
483.4563061952962
483.4563061952962
482.8923275431077
481.50285565092963
480.9407447908734
480.38005787084876
479.82079988262285
478.43285840335005
477.87550680067295
477.3195994299836
476.7651413431985
476.21213760256046
475.66059328054496
475.11051345976335
474.5619032328659
474.5619032328659
474.01476770244193
473.46911198091897
472.3822604628586
471.8410749394334
470.76321011735826
470.2265411479875
469.6913880411264
469.1577559840613
469.4731089210542
468.94349339765876
467.88887569592845
467.3638839277164
466.84044383493597
465.79823958447935
464.76230483979657
464.24670165764235
463.73268161733006
463.22024998913855
462.2001730852121
460.83077154200544
459.8184424313579
459.31470692761405
458.8125979089938
458.8125979089938
458.31212072123947
457.8132807160579
457.3160832509611
456.8205336891064
456.8205336891064
456.32663739913323
455.83439975499874
455.83439975499874
454.47222137332
453.9823785126467
453.49421164993936
453.49421164993936
453.00772620342804
452.5229275959396
452.91610702204
452.4356307807775
451.9568563480368
451.9568563480368
452.3593704125073
452.3593704125073
451.41222845642983
451.82408081021975
451.3557355346224
450.8891216252617
451.3103145287065
451.3103145287065
451.27596878185307
451.27596878185307
451.7078701993137
451.7078701993137
452.1437824409399
452.1437824409399
451.6912662427734
452.5836939174897
452.133829745132
452.58037960123727
453.4754679141971
453.0309040231141
453.9273069556402
453.48539116491946
453.9438291242651
453.9438291242651
454.4062059435368
453.97136473570663
454.87250961120964
454.440315112997
454.48542330860295
454.48542330860295
454.9648338058668
454.5415272557613
454.5415272557613
455.02747169813824
454.6086228834645
455.51728836565576
454.686705325766
454.686705325766
455.18567640030153
455.18567640030153
454.77576892354324
454.77576892354324
455.2812317677943
455.7905220602991
455.7905220602991
456.7055944478894
456.30362698536595
456.30362698536595
457.21985958617324
458.1364425583278
458.6556442474027
459.5737155234185
459.5737155234185
460.4921280543241
461.01735325256465
461.01735325256465
462.85742945317406
462.85742945317406
463.7779641164509
463.38860581589614
464.84621112793855
465.769256177348
466.3099827368057
467.2344165405626
466.85436701395435
467.7798627559763
468.328944226171
468.8816481800072
468.8816481800072
469.809535875976
470.3668780856067
470.9278076308512
471.85802949616107
472.42353878696605
472.42353878696605
472.99260036495286
472.99260036495286
474.4986828221971
474.4986828221971
476.366455578056
476.366455578056
476.94548954780987
477.88073826008093
478.81624868001296
478.81624868001296
479.75201927662584
480.68804853043724
482.560876988593
483.49767321053366
484.43472212466355
485.3720222674562
485.3720222674562
486.30957218627725
487.24737043928724
487.24737043928724
488.18541559534526
489.1237062339138
490.06224094496406
491.0010183288829
491.9400369963803
491.9400369963803
492.87929556839777
494.75852696037487
494.75852696037487
496.63870167356066
497.5791394341206
498.51980903470627
498.51980903470627
500.4018385257992
500.4018385257992
501.3431958249758
502.2847797813507
503.2265891226337
504.5047076093542
505.4463374088292
506.38819101554884
507.33026718302546
508.27256467371916
508.27256467371916
509.2150822589606
510.15781871887447
511.43425774971314
512.3768144637304
512.3768144637304
513.3195885605769
514.2625788446987
514.2625788446987
515.2057841290216
516.4813646202542
516.4813646202542
518.3676301622238
518.700298823897
519.6431467844063
520.5862080385918
521.5294814293819
522.4729658078014
523.7480310225519
524.6913378358747
524.6913378358747
525.9667289857791
526.9098594636467
527.8531992893479
528.7967473424926
529.7405025104273
530.0716932642225
531.0150656996466
531.9586450091774
532.9024300939151
533.8464198624919
533.8464198624919
535.1205471667108
535.1205471667108
536.0643618074233
537.0083798228851
538.2824537359545
538.2824537359545
539.2262975782987
539.2262975782987
540.5006938015898
540.5006938015898
541.4443646396184
541.7757838811181
541.7757838811181
543.051562929341
543.051562929341
544.3280261019086
544.6631986833698
544.6631986833698
545.9413887955373
546.2792326274174
547.2202481633881
547.5591292271548
547.5591292271548
548.839685154053
548.839685154053
549.1812087098392
550.4634411112149
550.4634411112149
550.8075889092306
551.7463185196617
552.091477927345
552.091477927345
552.091477927345
553.3760023709015
553.7237578432047
555.0099098214373
555.9469399142332
556.2966834342984
557.2333443002133
557.584074378026
558.5203666832572
558.8720783864586
559.8080028009604
560.1606912306504
561.4499087184894
561.4499087184894
562.7397266943218
564.0301410385796
564.0301410385796
565.3211476674121
565.3211476674121
566.2552428013361
566.6127425323225
567.9049216198077
568.2649030161901
569.1976809510031
569.5586010236348
569.9210471635523
570.852870711885
571.2162462675585
572.8778229256217
573.2451482568343
573.2451482568343
573.9843203433348
573.9843203433348
575.2842775532806
575.6570159391788
576.0312491523355
576.4069742811931
577.1628886198419
577.1628886198419
577.9247355841416
577.9247355841416
578.3078764810315
578.6924917432401
579.0785784330137
579.0785784330137
579.8551543273544
580.2456376397844
580.6375805956759
580.1120581404941
580.5075365574507
580.9044671888829
581.3028470599469
581.188437600061
581.5917812349139
581.0826103059702
581.4894668005604
581.8977573423015
582.3074789147054
582.2207485138262
582.6353919905656
583.0514557052405
583.0514557052405
582.9802741088243
582.9802741088243
582.494635168428
582.9176614239784
582.437121069734
582.8636204121852
582.3881866933772
581.915801469594
581.4464721709128
580.9802062032751
581.4163740384338
580.9552478461659
580.4972006823117
579.5903725908497
579.5903725908497
579.1416061724456
578.247351917845
577.8027345037405
577.3612387405307
576.9228717948354
576.0321171601458
574.708621825008
573.8196580808294
572.9310604252487
572.5032750998024
571.6161299333671
570.7293579272052
569.8429608234185
568.0712983420303
567.1860364994893
566.30115662958
565.4166605256694
564.5325499915838
562.7654929009063
561.882550004892
561.4133949239188
560.5301062387283
559.6472103030623
558.7647089786541
557.8826041381825
556.1195914549315
555.6473701908433
553.8844644869541
553.8844644869541
553.0036166247016
553.0036166247016
552.1231746630457
550.7685539316856
549.8881704492287
549.0081966601227
548.5334994328058
547.6531749200401
546.7732619651404
545.8937625582472
544.5383365751212
544.5383365751212
543.1832103443552
541.8283861150134
541.8283861150134
539.593365415106
539.1196527673611
538.2387945884243
536.8845313472907
535.5305780251955
535.5305780251955
535.5305780251955
534.1769369787505
533.7059115280624
532.8236105879694
531.4706012565512
530.1179114121687
530.1179114121687
528.7655435067607
528.7655435067607
528.7655435067607
528.2972648045795
527.4135000168274
527.4135000168274
526.9459175285449
526.9459175285449
526.9459175285449
526.061783443732
525.594901040716
525.594901040716
525.594901040716
525.594901040716
525.594901040716
525.1295078359242
525.1295078359242
525.1295078359242
524.6656077922394
525.0904683956851
525.0904683956851
524.6303460532949
525.5187912910442
525.0609488430844
524.6046130182235
524.6046130182235
524.1497877515549
524.1497877515549
523.6964769787935
523.6964769787935
523.2446846361652
523.6878841447451
523.2399067349508
523.2399067349508
522.3485426417882
522.3485426417882
521.9051637989415
521.9051637989415
521.463325651958
522.3609862920468
521.9214500286417
521.9214500286417
521.9214500286417
521.9214500286417
521.4834609074386
521.4834609074386
521.4834609074386
521.4834609074386
521.4834609074386
521.4834609074386
521.0470228299937
521.0470228299937
521.0470228299937
521.0470228299937
521.0470228299937
521.0470228299937
521.4834609074386
521.4834609074386
522.3830012548265
522.3830012548265
522.3830012548265
522.3830012548265
522.3830012548265
522.820236792724
522.820236792724
522.820236792724
522.820236792724
522.820236792724
522.820236792724
522.820236792724
522.820236792724
522.820236792724
522.820236792724
522.820236792724
522.3609862920468
522.3609862920468
522.3609862920468
522.3609862920468
521.9051637989415
522.3485426417882
