377.83858987668265
388.0206180088888
388.0206180088888
389.4226495724151
390.6430595825299
385.12984823303424
385.12984823303424
383.5635540559087
382.7819222481647
381.22172026263144
381.849446771892
381.0721716420657
381.0721716420657
380.9278146840947
380.9278146840947
380.7886552931954
380.0171048781883
380.6546991697331
380.6546991697331
381.29384993728917
381.93454936677307
381.93454936677307
382.57678967757573
383.22056312259656
383.8658619882732
383.8658619882732
384.5126785946076
384.5126785946076
384.5126785946076
384.5126785946076
384.5126785946076
384.5126785946076
384.5126785946076
384.5126785946076
384.5126785946076
384.5126785946076
383.10311927730373
382.3414704161713
381.58092195496357
380.7164299055138
379.9605242653505
379.8631332466998
379.7709836203919
379.7709836203919
379.68407920269715
379.68407920269715
379.68407920269715
379.68407920269715
379.68407920269715
380.34852438257207
380.34852438257207
380.34852438257207
380.34852438257207
379.68407920269715
379.68407920269715
379.68407920269715
379.68407920269715
379.0211075916485
379.0211075916485
379.7709836203919
379.11080174534726
379.11080174534726
379.11080174534726
379.11080174534726
379.11080174534726
379.11080174534726
379.11080174534726
379.11080174534726
379.11080174534726
379.11080174534726
379.7709836203919
379.7709836203919
379.7709836203919
380.4326484412188
380.4326484412188
380.4326484412188
380.4326484412188
380.4326484412188
380.4326484412188
379.7709836203919
379.7709836203919
380.5220098759072
380.5220098759072
380.61660499773257
379.30594511554915
376.1754909613331
375.022665981671
374.3861642742691
375.15863311404684
375.2998800959041
374.6691874173802
374.81862280308326
375.598189559002
375.91754415030965
376.70280062670093
376.87265753832554
377.04774233510534
378.02116342871597
379.0052770081177
379.40084343606827
380.41030480259076
381.4302033137911
381.29253861044805
381.7643252060098
381.43544670101124
381.943713130613
381.08398024582453
380.248602890267
380.8214804865923
380.0328933131973
379.80258029665885
379.05672398732094
378.53005164715785
378.67136147324373
378.15473023618256
377.47715162642623
376.96949478704505
375.8257574994029
376.19808611953357
375.59685834681846
375.11065034200243
370.8274531369003
369.4374101251794
368.506444991129
367.16481312892716
365.40662281901785
365.44356609468446
364.6505176192679
364.31305219549847
364.00274724238005
363.8529922922168
364.33501067012486
363.9629101982783
365.2971393263298
365.8920605861789
367.14166203251847
367.458841232593
368.7411015875502
369.38868417968627
369.7418018022847
370.69664147386067
371.06468438804575
371.7324306540929
372.40435013570936
372.12094808005634
372.8002145922129
374.44492251865296
375.13330963805384
377.058350921976
378.7162526219333
379.6801285292661
379.6801285292661
380.3800730848029
382.04973498224024
382.04973498224024
383.9817704006272
383.7251620626409
385.6591759572174
385.40627913929995
387.3422259449646
390.96930825833374
391.9387707282861
391.9387707282861
392.90838626835136
394.84807204797136
395.8181400592954
397.7587208346286
399.4608866960569
400.4322664321645
401.1682938618155
402.1405227031964
402.88087569404433
403.8539339909914
405.5724349607601
407.2959611879303
409.0244491469917
410.97566837952826
412.9273543857321
413.6870798079147
415.6404696369207
418.35989291517893
420.31535779697606
422.2712398447235
423.0425510513097
425.0
425.77576257931827
430.4753186885399
432.2406736992714
434.202717633135
434.99195394857594
436.76652802155064
437.7487864060847
438.7311249501225
440.69604037249985
441.67861619055094
442.477118052448
443.46025752033296
444.44347222115886
445.4267616567285
454.1024113567335
455.8969181733959
456.8818227944727
460.82209148433844
462.6229566288296
465.249395485905
467.0610238502031
468.87631631380145
471.52942644123493
473.35504645033626
476.0273101409204
477.8629510644239
481.5443904771397
487.2217154438008
489.0746364308826
490.9307486805038
493.9068738132726
496.88328609443084
499.8599803945101
500.8522736296602
503.9533708588524
505.9377432056241
508.0472418978377
509.1659847240387
511.27781097951043
513.3906894364175
514.3821536562092
516.4958857532168
517.4871979092816
522.5753534180501
523.5666146728609
524.6903848937962
525.6814624846495
527.6637186693813
528.6548968845366
529.6461082647545
529.6461082647545
530.6373526241815
531.6286297783445
531.6286297783445
532.6199395441369
533.6112817398073
534.7345135672467
534.7345135672467
536.9851022142049
536.9851022142049
538.1124417814552
539.2411334458825
540.3711687349723
541.5025392368904
542.6352366000572
544.7586621615117
545.7481103952629
545.7481103952629
546.8829856559811
548.0191602489825
551.1342849070452
552.2725776281129
553.4121429820636
554.4005772002768
555.5411775917245
556.5294241996554
557.6710499927354
558.6591089385369
559.801750622486
559.801750622486
560.9456301639224
562.0907400055618
564.224246200037
565.3715592422385
565.3715592422385
566.5200790792856
566.6833330882425
567.8344829261429
568.9868188279936
570.3095650609413
571.4656595107006
571.8120320524919
572.9720761084261
574.1332597925328
575.2955762040935
576.6402691453312
577.9904843507373
579.1588728492382
581.4989251924719
585.8062819738279
586.787866268552
586.787866268552
588.9422722134997
590.1160902737698
590.1160902737698
591.2909605262032
592.271897020279
593.6438326134619
594.821822061027
596.2013082843747
598.9757924991627
600.1616448924407
601.3484846576068
601.5588084302316
603.937910715994
605.1289118857237
606.5377152329442
608.7076473973364
610.1229384312641
611.09819178263
612.2948636073962
613.4924612413749
614.6909792733256
616.8646529020771
617.090755075783
617.3183943476819
618.5208161412193
618.7511616150713
619.9556435746028
621.3952043587076
621.6309194369276
621.8681532286406
623.5591391359765
625.0159997952053
625.5085930664742
630.4363568196238
632.1835176592316
633.6757846091327
635.1724175371597
636.6733856539003
638.1786583708358
639.9640614909559
641.4803192616279
643.0007776045064
643.9604025093469
644.2421904842929
646.0541772947529
650.299930801165
653.9785929218173
654.2881628151315
654.5991139621257
655.2251521423761
656.4891469019119
657.122515213107
657.4412521282795
658.0828215354052
658.729838401146
659.3822866895956
659.7105425866711
660.3711077871291
661.9796069366488
663.3257118490131
664.0067770738489
664.3493057119877
664.6931622937008
665.7326790837295
666.4322921347674
668.426510545475
669.1382517835907
669.855208235332
671.8720116212611
672.6009217953838
672.9673097558306
673.7039409117331
675.7462541516601
676.4946415161024
678.1740189656339
678.9315134827665
679.6940488190256
680.0772014999474
680.4616080279621
680.8472662793029
681.2341741281041
682.0117301044022
682.4023739700793
682.794258909666
683.4566555385937
683.8552478412372
683.7404478309003
684.1432598513268
684.0387415929013
684.8539990392113
684.7627326307996
685.5887980415083
686.4196966870925
686.3475795834062
687.1892024762903
688.0356095435759
687.9825579184403
688.8396039717809
689.2699035936503
689.7013846586071
691.0028943499441
691.4390790228739
692.314957226839
691.8569216246955
692.2983460907587
693.1846795768066
693.6295841441597
693.6288632979455
694.0778054368257
694.0871703179652
694.1037386443038
694.1275099000183
693.6980611188127
694.1966580155799
695.1266071731106
694.2946060571118
695.7082721946032
695.3740000891606
695.4538086745948
696.4165420206501
696.9949784611077
696.6089290268967
696.3368437760564
696.8299649125316
696.9512178050915
697.0796224248705
696.7137145198162
696.3504864649698
695.4861608975408
695.1266071731106
695.1266071731106
694.7697460310142
693.5546121251015
693.2041546326739
691.9978323665472
689.600609048455
688.4097616972032
687.2241264682142
686.5690060001252
685.7186011768968
684.5472956633457
682.22063879657
681.9098180844737
680.2212875234059
680.4542600351621
679.3121521068205
678.1754935118196
676.7547561709486
674.5168641331364
673.1314878981669
671.2019070294721
670.1082002184423
669.0201790678664
668.7615419564735
667.431644440088
665.7905075922906
664.7255072584472
662.8499075959805
660.1704325399616
656.9208475912452
654.8564728243892
653.2419153728579
651.4176847461235
649.6037253587759
648.0007716044789
646.2019808078586
644.4136870054825
643.4298718586199
641.8426598474115
641.6603462892186
640.0781202322104
638.4982380555173
637.7091813671809
636.7495583037337
635.1771406466073
632.2024992041711
631.4182449058627
629.0691535912407
627.5061752684192
625.3199181219162
623.7603706552701
622.2033429675542
621.4257799608896
620.6488540229491
618.4658438426491
616.9149049909557
615.3665574273597
613.1859424350822
611.6412347119838
610.2335618433323
608.6912189279553
606.5129841973707
604.2060906677456
602.7976443218736
602.0298995897131
601.2628377007845
599.8541489395568
598.3218197592329
596.9128914674234
594.7385980411899
592.564764392889
591.1556478627266
587.5729741912915
585.3998633412891
583.2272284453119
580.4084768505711
578.2361109443096
574.6546789159556
573.2451482568343
570.312195205398
569.6639360184213
566.731858995063
563.151844532183
561.7419336314497
559.5721579921575
558.8130277651014
555.2341848265469
553.0659996781577
550.8983572311683
549.4879434528114
548.0775492574021
544.6044436102225
542.543085846645
540.4831172201403
537.6634635159804
537.014897372503
532.786073391563
529.9669801034778
527.9109773437184
527.1479868120526
524.9761899362675
522.1570644930508
520.1009517391792
518.691623221351
515.8730463980455
515.228104823485
513.819034291257
512.4099920961729
511.0009784726444
509.5919936576712
508.1830378908765
507.5401461953527
504.0813426422367
502.032867449931
500.62460986251966
499.2163859490191
497.8081959952046
495.7620396924315
494.3541240851542
490.90223059179516
488.8598981303335
486.8192683121735
482.5981765402766
480.56008989511395
478.5237716143264
476.48924436969196
473.05073723650406
471.02016941952706
469.6147357142874
466.964666757561
464.93978104696527
461.5127300519456
459.4921109224836
457.4734965000705
454.0539615508271
452.0398212547209
450.0277769204919
448.0178567869812
446.6161662994299
444.6088168266572
442.6036601746533
441.2029011690653
438.60004559963284
437.4037036880232
435.62024746331525
433.6311796907598
432.4534657046929
431.28181042098214
429.5357959472062
428.956874289246
427.80369329869046
426.0856721364848
425.20700840884547
423.5209557979392
422.96217324957087
422.12912716371517
420.4806773206113
420.2296990932459
418.6096033298806
418.07296013973445
416.473288459176
415.74030355499576
414.6950686950594
413.14041196668234
412.9721540249415
411.4474450036116
410.9428184066489
410.30720198407437
410.30720198407437
410.1865429289459
409.20532743355136
409.10634314319793
408.54130758100825
407.5904807524337
408.0
407.94730051809387
407.0196555450363
406.9889433387595
406.9889433387595
406.97051490249265
406.51937223212377
407.4125673073917
406.96437190496175
407.4137945627271
407.86762558457616
406.9889433387595
407.0196555450363
406.15883592506026
405.7893542221136
405.3689677318677
405.4442008464297
405.5317496818221
406.0369441319349
405.2283306976451
405.7437615047211
406.2634613154375
407.7070026379238
408.2364510917662
408.7701065391157
409.3079525247463
410.77487751808775
411.3222580896881
411.8737670694748
412.0594617285229
412.62210314039163
413.1888188225814
414.33440600558384
413.9782602987746
415.4960890309318
415.1457575358322
415.7354928316802
417.2684986911904
417.8672037860832
419.7487343637858
420.3534227290174
421.9052026225797
424.736388834298
425.3527947480773
426.91919610155736
431.335136523794
431.9675913769458
433.5539182154856
434.50431528351936
436.74363189404374
438.34689459376807
439.95567958602373
442.8995371413251
445.2022012524197
447.52206649505007
450.8214724256155
451.5152267642809
453.1765660313869
453.8777368411013
455.80807364503755
457.73900860643283
459.412668523627
461.34585724811706
463.279613192724
464.24670165764235
466.1812952060604
468.83365920121395
469.80208598940897
471.73933480260047
473.43109319097323
474.4006745357768
475.37038191288275
476.34021455258215
478.0387013621387
480.71301209765477
482.6561923357039
484.365564424227
487.2832851637741
488.25608035128454
489.97244820499856
490.9460255465971
492.8934976239796
494.84138872976257
495.8154898750139
497.7640003053656
499.71291758368625
500.6875273062032
502.86081573333985
505.0346522764552
506.0088932024812
508.1830378908765
510.35771768437087
513.5065724993206
514.4803203233337
516.6555912791422
518.8313791589711
519.8047710438988
522.2116429188457
524.1574191023151
527.3073107780699
528.5120623032175
530.4573498406822
531.6624869219193
533.607533679951
534.8130514488217
535.7854048030797
536.7578597468322
538.9359887778882
539.1706594391056
540.3785710036992
541.5874813915108
542.7973839288469
543.037751910491
544.2499425815312
544.2499425815312
545.7077972688314
546.6772356701896
546.9232121605372
548.139580763878
548.6392257212384
550.112715722878
551.5913342321469
553.0750401166192
555.5285771227256
556.7566793492468
557.0215435690078
558.5194714600378
559.7517306806652
561.2566257960791
561.5300526240782
562.7663813697475
563.0426271606796
564.2809583886382
565.5201145847954
566.0821495154215
567.3244221783511
568.5674981917275
570.0982371486514
571.6336239235757
571.9248202342682
573.467523056014
575.0147824186784
576.5665616388103
578.1228243202304
579.6835343530123
581.2486559124245
582.5083690385916
584.079617860442
586.6046368722293
588.8174589802853
592.6111710050698
594.1960955778825
597.0544363791295
598.3243267660107
601.1929806642789
602.7951559194881
604.4013567158829
606.0115510450275
608.9047544567212
610.8657790382434
611.5529412896319
615.5201052768301
619.1671825928761
621.1811330038928
624.1354019762058
627.0964838045259
628.7646618568826
631.1846005726059
632.8641244374656
635.3093734551695
635.6925357434992
639.0813719707373
639.8601409683213
640.2515130790399
641.038220389393
642.2281526062214
643.0279931698153
642.9183462929021
643.3234023413107
644.137407701183
644.4571358903554
644.8705296414157
645.6291505190886
645.142619891137
645.9883899885508
645.9349812481129
645.4184689021534
644.9503856886978
644.9217006738105
644.4447222221623
645.3316976563293
645.3293732660865
644.4571358903554
644.0225151343701
644.0496875241847
643.622560201241
643.1982587041106
642.3122293713549
641.8917354196111
641.0070202423683
639.7069641640616
638.8239194018959
637.5303914324398
636.6490398956084
635.7680394609342
632.2475780894696
630.9675110494993
630.0896761572911
628.8163483879853
628.033438600207
626.7734838041571
625.518984524051
622.531123719931
622.1583399746402
620.0556426644306
618.4658438426491
616.7398154813746
615.5233545528553
614.6625090242612
614.3126239953075
612.5944825086168
611.7360541933098
610.0204914590985
607.4504094985862
605.221447075366
603.5105632878351
600.42734781154
597.8662057684813
595.638313072623
593.9334979608408
592.7562736909665
590.2075905984267
588.5108325256214
585.6568961431258
584.504063287844
581.9759445200463
580.8347441398457
579.155419555062
578.0242209458008
577.1871446939891
576.8994713119436
576.064232529672
574.9478237196832
574.1149710641589
573.2826527987743
572.4508712544684
570.2324087597968
568.0140843324222
567.1833918584006
564.96548567147
561.3599558215744
559.1422001602097
556.9245909456683
553.3190761215449
551.101624022285
549.4442646893314
546.4000366032199
544.183792481915
542.5311050990533
540.0564785279406
537.841984229569
535.6276691882151
532.0225559128108
530.6316990154282
527.8503575825255
525.0695192067427
522.2891919234017
519.5093839383462
514.5143341054746
511.1731604847813
507.83560332060216
500.61761854733
499.2314092682871
495.9082576444962
493.1379117447775
491.20464167188
489.27395189198455
486.8028348315157
485.1824399130702
483.801612233775
482.1960182332492
479.549788864514
477.98012510982085
476.9412961780517
475.3945729601885
472.84775562542325
470.83861353971383
468.8549882426335
467.3842102596107
465.4460226492434
464.00969817451016
461.64921748011227
460.2531911893713
458.87253131997346
457.50737698970494
457.05579528105756
456.60595703516617
455.71153156355393
455.71153156355393
454.82414183945866
453.9438291242651
453.50633953672576
452.6367196770496
452.67758946075514
452.24993090104505
451.82408081021975
451.88494110780016
451.047669321104
451.1285847737871
450.81370875340514
450.40870329068906
450.9212791607866
451.03990954238185
452.0895928906128
451.6990148317793
452.76925690687085
453.85460226817133
454.954942824012
455.8826603414523
457.36856035368237
459.4268168054625
461.2905808706698
462.79585132107655
464.30701050059537
465.2418725781247
467.11240617221887
468.0480744538962
469.9202059924642
471.79338698205595
473.66760497209435
477.7656329205775
479.98854152989946
482.2115718229914
484.0867690817422
486.30957218627725
487.24737043928724
488.53249636027283
489.47012166219093
490.40799340956914
495.44525429153117
496.38392399432115
499.5447927863927
501.42297514174595
503.6447160449517
505.8665832015394
507.74501474657535
509.9666655772708
511.24944987745465
513.4715181974556
516.9777558077329
520.13844310914
523.2991496266739
525.521645605583
529.0292997556941
531.6013544000805
533.8248776518382
536.4000372856065
539.3329213018616
542.8489661038326
545.4328556293616
548.3812542383264
550.6078459302955
553.1988792468762
554.4952659852021
555.7922273655867
557.4585186361403
558.3878580341803
560.4292997336952
562.1049724028422
564.1630969852602
565.8489197656916
567.923410329245
568.6976349520015
570.7898036930933
571.1829829397931
572.8917873385863
575.0034782503494
576.7217700069939
577.1247698721655
579.255556727771
580.073271233902
581.8075283115543
583.0514557052405
583.4689366195942
583.8878316937253
584.3081378861671
584.7298521539669
584.6725579330707
584.1951728660551
584.6238106680227
584.1164267506949
584.0719133805356
583.6137421274451
583.6180257668537
582.3057616063918
580.1353290396992
577.9454991606043
575.7647088872328
575.3546732233954
571.8330175846792
569.1959240894123
566.562441395474
563.4509739098869
559.9473189506313
556.8383966645978
553.7300786484332
551.8858577640851
550.0445436507847
547.3289687199098
546.3707532436193
545.0146787014089
544.5383365751212
542.7089459369544
541.7647090758127
540.8262197785903
540.3591398320195
540.7790676422304
540.3156484870673
540.2814081568974
538.9109388386915
538.8970217026626
537.9981412607297
537.10520384744
535.7770058522482
534.0
532.6922188280959
531.3576949663945
530.495051814812
530.0660336222271
528.7343378295002
527.8825626974242
526.5529413078992
526.1302120198003
524.8018673747265
524.8018673747265
524.8018673747265
524.8018673747265
524.8018673747265
524.8018673747265
524.8018673747265
524.8018673747265
524.3176518104268
524.3176518104268
523.3593411796526
521.9827583359435
521.0470228299937
520.124984979572
518.7677707799512
518.3329046086116
517.4640084102468
517.0725287616816
516.768807108169
515.5657087122843
515.2678914894659
515.4890881483332
515.2475133370369
514.5250236868951
515.5385533594941
515.5385533594941
515.5385533594941
515.0310670241165
514.5250236868951
512.5153656233148
