659.5945724458321
629.6769012755669
629.6769012755669
629.6769012755669
629.6769012755669
629.6769012755669
628.782951422826
628.339080433487
627.8980809016699
627.0063795528719
627.0063795528719
627.0063795528719
627.0063795528719
627.0063795528719
627.0063795528719
627.0063795528719
627.0063795528719
627.0063795528719
627.0063795528719
626.5540678983738
627.4464120544479
627.4464120544479
627.4464120544479
627.8893214572136
627.4408338640385
627.8885251380216
627.4432245231436
377.04774233510534
376.61917104682817
376.61917104682817
376.61917104682817
376.61917104682817
376.61917104682817
376.61917104682817
376.61917104682817
376.61917104682817
376.61917104682817
376.61917104682817
376.61917104682817
375.8257574994029
375.8257574994029
375.6447790133652
375.6447790133652
375.6447790133652
375.6447790133652
375.6447790133652
375.6447790133652
375.6447790133652
375.6447790133652
375.6447790133652
375.6447790133652
375.6447790133652
375.6447790133652
375.6447790133652
375.6447790133652
375.6447790133652
375.6447790133652
375.6447790133652
375.0333318519835
374.42355695121535
374.0053475553525
373.4019282221237
372.8002145922129
372.2002149381432
371.80909079795236
371.21557079411417
370.62379848034584
370.62379848034584
370.0337822415678
370.0337822415678
370.25531731495767
370.25531731495767
369.6701232179847
369.08671067921154
369.08671067921154
368.50508816025865
367.92526415020757
367.92526415020757
366.5310355208683
366.5310355208683
365.95354896489255
365.37788657771836
365.37788657771836
365.37788657771836
364.80405699498465
364.2320688791694
364.2320688791694
363.6619309193636
363.6619309193636
363.6619309193636
363.0936518310393
363.0936518310393
363.0936518310393
362.52724035581105
362.52724035581105
361.9627052611912
361.9627052611912
362.22782885913114
362.22782885913114
362.22782885913114
362.49827585796874
361.9419843013518
361.9419843013518
362.5051723768917
362.5051723768917
362.7947077894053
362.2499137335991
363.0895206419486
362.85120917533123
363.69492710237245
364.0054944640259
364.3212867785795
364.6422904710862
364.1167395218188
364.44615514503647
364.7807560713695
364.2636407878228
364.0947678833081
364.0947678833081
364.44615514503647
363.4350010662154
363.7980208852159
363.2987751149183
363.6701802457826
363.17626574433524
362.6844358392017
362.58102542742085
362.0966721747108
362.97245074523215
362.49137920783716
362.49137920783716
362.01243072579706
362.8911682584739
362.41550739448223
362.41550739448223
361.9419843013518
362.8236486228537
362.3534186398688
361.8853409576022
361.8853409576022
362.30512003006527
361.8425071768103
361.8425071768103
362.27061708065696
362.27061708065696
362.27061708065696
362.70373585062504
362.2499137335991
363.14184556451215
362.6913288183218
363.1377149236912
363.5890537406207
364.4859393721519
365.40662281901785
364.97260171141613
366.3468302032925
366.824208579532
367.3064115966396
367.79342027828613
368.28521555989727
368.7817782917155
369.2830892418444
370.70338547145747
370.2998784768907
371.33542788158525
372.2539455801644
373.3108624189765
373.84622507121827
373.0804202849568
374.17776523999925
374.73323845103465
374.9266594948937
376.06648348397124
375.7086637276282
376.2884531845217
377.4612562899668
377.11536696347974
376.77181423243434
377.37117006999887
377.9748668893211
377.9748668893211
377.6400402499714
378.5828839237189
378.5828839237189
378.5828839237189
378.25123925771874
378.25123925771874
379.1952003915661
378.8667311865744
378.8667311865744
378.540618692367
378.540618692367
378.540618692367
378.2168690050723
378.2168690050723
378.2168690050723
378.2168690050723
377.89548819746443
378.8429753869009
378.5247680139306
378.5247680139306
378.5247680139306
379.4733192202055
379.15827829548965
378.8456149937597
378.8456149937597
378.8456149937597
379.4864951483781
379.17937707633837
379.17937707633837
379.82759246795115
379.52602018833966
380.4799600504605
380.8411742445924
380.54828865730036
381.5049147783027
380.9278146840947
381.88610867639585
381.6018867877883
382.2800020927069
382.96213912082743
383.64827641995214
383.64827641995214
384.33839256571804
385.0324661635691
385.9961139700761
386.6949702284735
386.6949702284735
387.39772843939085
387.39772843939085
387.39772843939085
388.1043674065006
388.1043674065006
388.1043674065006
388.1043674065006
388.1043674065006
388.1043674065006
389.07068766485094
388.81486597093993
388.81486597093993
389.7819903484511
389.7819903484511
389.7819903484511
390.4971190674779
390.4971190674779
390.4971190674779
391.46519640959144
392.1849053699033
392.1849053699033
392.90838626835136
392.90838626835136
393.8781537480849
393.8781537480849
394.60613274504493
395.5767940615324
395.337830216133
396.30922270368626
397.28075714788906
398.0175875511031
398.0175875511031
399.73115965608685
401.44987233775527
402.1989557420556
404.902457389431
405.65995612088705
407.6125611410914
409.35192683069175
411.0960958218893
411.86648321998723
413.82363393117123
414.59860105890374
416.35681812599154
417.3367944478416
418.1196001146084
419.88688953097835
422.8309354813103
423.62247343595925
425.58665392608356
426.5688690000713
427.365183420456
429.33087473416117
430.1313752796929
431.9189738828337
431.9189738828337
432.90299144265566
433.7107330929222
434.69529558070906
435.50660155731276
436.4916952245483
436.4916952245483
437.30652865009915
437.30652865009915
437.30652865009915
438.2921400162225
439.110464461962
439.110464461962
440.096580309368
441.0827586746052
441.0827586746052
443.0553012886766
442.89163460151286
444.86514810670434
446.83889714303075
447.82585901218346
449.64096788437774
450.62845005614105
451.6159873166582
453.4357727396461
454.4238109958588
455.2592667920116
456.0975772792484
457.08642508829774
459.0642656535139
459.90651223917234
460.89586676384937
462.73102338183463
463.57955088636083
466.4118351843143
467.4023962283463
469.38363840253317
471.2303046282147
474.2035427957071
475.19469694010684
477.0461193637361
477.0461193637361
478.0376554205746
479.0292266657641
480.02083288124066
480.02083288124066
480.02083288124066
481.0124738507308
481.0124738507308
482.0041493597332
482.0041493597332
482.0041493597332
482.0041493597332
482.99585919550077
482.99585919550077
482.99585919550077
482.99585919550077
482.99585919550077
483.98760314702275
483.98760314702275
483.98760314702275
483.98760314702275
484.97938100500727
484.97938100500727
485.1082353454742
485.1082353454742
485.1082353454742
486.0997839950148
486.0997839950148
487.09136719921446
488.2130682396775
488.2130682396775
489.20445623481396
490.1958792156458
491.1873369703254
492.1788292887048
493.1703559623186
494.2924235713107
495.2837570524598
496.2751253085329
498.2579653151568
499.24943665466463
500.2409419469782
501.23248099060777
502.22405358564816
503.2156595337629
504.2072986381693
505.1989707036229
506.190675536403
507.1824129442976
508.1741827365889
510.15781871887447
512.1415819868564
515.1174623326218
517.1015374179427
519.0857347298229
520.0778787835529
521.0700528719723
523.0544904692053
524.0467536394058
524.0467536394058
525.0390461670446
525.0390461670446
526.1558704414501
526.1558704414501
527.1479868120526
527.1479868120526
528.140132919285
528.2660314652079
528.2660314652079
529.385492812185
529.385492812185
529.385492812185
529.5148723123837
529.5148723123837
529.6461082647545
530.6373526241815
530.7701950938844
530.7701950938844
530.904887903662
531.0414296455598
531.0414296455598
531.1798188937528
531.3200542046197
531.3200542046197
531.4621341168155
531.6060571513459
531.6060571513459
532.7410252646214
532.7410252646214
532.7410252646214
532.8883560371722
532.8883560371722
534.0262165849164
534.0262165849164
535.1653949948558
537.2941466273386
537.2941466273386
538.2824537359545
540.4118799582408
542.5421642600693
543.5301279598032
545.6610669637334
547.6367409149974
548.624643996239
549.7681329433345
551.9003533247646
552.8878729001026
553.8754372600396
555.020720333935
556.1672410345651
557.1543771702776
560.2758249291147
562.4108818292904
564.5467208300832
565.533376557034
566.6833330882425
568.8207098902078
568.8207098902078
569.9728063688652
571.1260806511991
572.1118771708905
572.2805256165896
573.4361341945588
573.4361341945588
573.4361341945588
573.6078800016611
574.7660393586247
574.7660393586247
574.9408665245496
575.1173793235604
575.2955762040935
574.3117620247734
574.4919494649164
574.6738205277843
574.0601013831217
573.265209130992
573.265209130992
572.6639503233987
571.87586065509
572.0707998141489
571.4857828502822
570.7065796011117
570.1341947296268
570.3402493249096
570.5479822065801
570.7573915421508
570.9684754870448
571.1812321846718
571.1812321846718
571.611756352159
571.611756352159
571.8295200494637
572.8053770697338
573.0244322888859
574.0
575.1956188984752
577.1464285603785
578.3424591018716
580.5144270386396
581.4894668005604
582.6868798934811
583.6617170930435
584.6366392897387
587.7839739223926
588.7588640521686
589.733838269435
593.8560431619771
594.8310684555742
596.78136700135
599.7074286683466
600.903486426897
601.878725325958
603.8294461186867
604.8049272286065
606.0008250819466
606.9761115562951
606.9761115562951
606.9761115562951
608.172672848756
608.172672848756
608.172672848756
608.172672848756
609.3701666474984
609.3701666474984
609.5941272682998
609.8196454690518
610.0467195223657
610.2753476915154
610.5055282304985
609.7647087196831
609.9983606535349
609.2618484691127
609.4989745684566
609.9778684509791
609.2495383666696
609.4932321199309
608.7692502089769
609.0164201398842
608.2968025561206
608.547450902557
608.7996386332699
608.3420090705556
608.8579473079086
609.1182151274086
609.6433383544841
610.1745651860622
610.4424624811088
610.4424624811088
611.9452589897237
611.9452589897237
613.4525246504411
614.414355301046
614.6885390179323
615.9253201484738
616.8865373794439
617.8478777174847
620.0459660380027
621.2833492054974
623.2054235964254
626.0894504781246
627.326071513053
629.2487584413656
632.1336883919413
634.3311438042437
635.2928458592935
637.4903920844612
638.4520342202694
638.4520342202694
640.6496702566856
640.9251126301731
641.8862827635437
643.1236273066012
644.3616996687497
644.3616996687497
645.8800198179225
646.1609706566933
647.4025023121242
648.9291178549472
649.2149104880448
649.2149104880448
650.0807642131861
650.3722011279388
650.0038461424671
650.299930801165
649.6429788737811
650.2430314889964
650.2430314889964
649.5921797558834
649.2495668077107
648.9144781864557
649.2249225037499
649.5321393125978
649.8499826883125
649.5429162110845
649.5690879344552
650.2245765887352
650.5543789722732
651.2180894293401
650.9454662258582
650.9454662258582
651.2825807589206
652.5618744609587
652.9012176432205
654.5234907931113
654.5234907931113
654.8663985882922
656.494478270762
656.494478270762
659.0637298471219
660.3491500713845
660.6981156322455
662.9215639877767
666.0818268050856
667.3687136808257
668.3053194461346
671.8161951010112
672.7525548074864
674.976295880085
676.2640017034768
678.136416954583
678.4880249495933
679.4240207705348
680.7121271139512
680.7121271139512
681.065341945984
682.3547464479162
683.2898360139715
684.0007309937614
684.0007309937614
684.358093398478
685.0766380486201
685.4378162897054
685.8002624671414
686.528950591306
686.8951885113187
687.6314419803679
687.4445432178511
687.8175630208929
688.5673532778039
688.3966879641418
688.3966879641418
688.2332453463724
687.6925184993654
688.0770305714325
687.92804856322
687.3958102869118
688.1780292918396
687.5245450163943
687.0050945953749
687.6954267697292
687.1862920635132
686.1756334933499
686.086000440178
685.0941541131409
685.5107584859628
685.0204376513157
684.9540130548911
684.0475129696767
683.9897660053109
683.5115214829959
684.3683218852258
684.3281376649655
684.7313341742147
685.1685923916829
685.1488889285306
685.5902566402181
685.5807756931345
686.0262385652607
685.5785877636495
686.0269673999703
685.133563620992
685.5836929215864
684.6911712589845
684.2514157822401
683.8143022780381
683.3798358160709
682.4902929712628
681.6311319181365
680.7437109514858
680.3190428027133
679.0117819301812
678.1777053250865
677.7647084350143
676.9468221359784
677.0184635591559
676.2203782791524
675.3436162428724
675.8254212442737
675.5301621689441
674.6569498641513
675.1451695746626
674.3834220975483
672.6432932840407
672.2685475314162
671.5273635526702
671.662117437034
670.4364250247744
670.2313033572813
670.7406354172975
670.5594679072095
670.2178750227422
670.7346718338034
670.917282531908
670.5848193927446
671.107293955296
670.7793974176607
671.8310799598363
671.8310799598363
671.5094936037763
672.0386893624503
672.0386893624503
672.5689555725867
671.7216685503007
672.7867418432085
672.4760218773603
672.4760218773603
673.5488104064916
672.7057306133195
673.2443835636507
672.94279103056
673.4842240171629
673.1871953624786
672.3481241142865
672.893007840028
672.6016651778376
671.764839806312
671.4774754226682
670.6422295084019
670.3588591195017
669.2458442157113
669.2458442157113
668.1384587044814
667.3080248281149
665.6485559212158
666.2079255007403
664.5517286110992
664.5517286110992
663.7243403703077
663.4606243026032
663.4606243026032
662.6348919276738
660.9848712338279
660.9848712338279
660.7276292088897
659.9045385508422
659.9045385508422
658.2598271199603
658.2598271199603
657.4382100243338
655.7964623265362
654.1567090537252
653.3375850201793
652.5189652416242
651.7008516182866
650.6435275940274
650.6435275940274
649.8276694632201
648.1975007665487
648.1975007665487
647.1514505894273
646.3389203815595
646.3389203815595
645.526916557319
644.715441105609
644.4904964388536
643.6808215256999
642.8716823752621
642.0630810130731
640.4474997999446
638.8340942686137
638.0282125423608
636.4181015653153
634.8102078574351
633.204548309628
632.402561664641
631.6011399609725
629.2002860774937
628.4011457659828
627.0007974476588
626.2020440720391
625.4038695115341
624.6062759851201
623.2054235964254
622.4082261667177
620.8155925876862
619.4142394230213
617.8235994197696
615.6273223306451
614.8333107436519
612.6377396145294
611.8447515505874
611.0523709143105
608.8579473079086
607.4553481532614
607.4553481532614
605.2611006830027
604.4700157989641
604.4700157989641
603.0671604390343
602.276514567852
602.276514567852
600.8735307866373
600.0833275470999
597.8904581944756
596.3128373597201
595.5249784853696
593.3338014979427
592.5470445458318
590.975464803743
590.1906471641176
586.4349921346782
585.6526274166282
584.8709259315256
584.0898903422315
582.5298275625034
581.7508057579294
580.1947948749627
579.4178112554015
577.0909806954186
576.316753183525
575.5432216610669
573.2268311933767
571.6861026822324
568.7398350739994
567.2045486418458
566.4379930760294
564.2632364419997
563.4980035457091
562.7335070883909
560.5604338516945
558.3878580341803
556.9784555977009
554.8062724951836
554.0442220617412
551.8731738361632
550.4634411112149
549.7026468919356
546.7732619651404
544.7127683467683
543.9531229802803
541.7840898365325
541.1330705103875
538.9638206781602
538.3131059151356
537.6634635159804
534.8439024612695
534.1956570396281
532.786073391563
530.08395561458
528.6747582398842
527.2655877259581
525.2123380119701
523.8033982325811
522.3944869540643
520.9856044076458
520.2201457075648
517.4021646649732
516.6372034609974
515.228104823485
513.0545779934139
513.0545779934139
510.88159097779203
510.23621980412173
509.47227598761447
506.6537279049667
506.6537279049667
504.59984145855617
503.19081867617575
502.54751019182254
501.13870335467004
499.7299270606074
498.32118156867466
496.9124671408436
494.8626071951689
493.45415187228895
492.04572958211924
490.63734060913055
488.4608479704387
486.4123764872765
485.64390246352315
483.4676824773296
482.05912500439194
481.2920111533122
479.8833191516454
479.2421100028669
477.83365306349026
475.7856660304091
475.0168418066879
473.73937982819206
472.3314514194455
470.9235606762524
470.28714632658205
468.2445942026453
466.97858623281644
466.347509910796
464.31131797534294
463.6830814252338
463.0561521025285
461.6503005522687
460.4009122493134
460.4009122493134
459.7782074000463
458.373210386471
457.7521163249822
456.51396473711515
455.8969181733959
453.26372014534763
452.6510797512804
450.6373264610911
448.8128786030989
448.20754121277344
446.202868659537
445.6007181322759
443.60004508566044
443.00112866673373
442.20018091357673
441.0045351240733
439.6055049700811
439.0102504498044
437.61170002640466
437.01830625272436
435.0287346831241
433.8502045637411
432.4534657046929
430.69827025424655
430.11626335213134
428.956874289246
426.4106002434742
426.4106002434742
425.26462349929835
424.69400749245335
424.12498157972254
423.55755216971403
422.9917256873945
423.2540608192673
422.6925596695546
421.01781434993933
420.4628402130205
419.64389665524743
419.09664756473535
417.46496859018004
416.9244535884169
416.1586236040291
415.62603383330065
415.4154546956577
415.4154546956577
413.84175719712
413.65686262891853
413.14041196668234
412.4621194728069
411.4474450036116
410.9428184066489
408.4470589929618
408.8239229790742
408.3331972788889
407.3573369905101
406.8722158122867
405.90762495917716
405.4281687302943
405.83001367567675
404.4119187165482
404.4119187165482
403.0111660984097
402.54813376787627
402.5170803829323
401.6067728512556
401.15458367068425
400.2561679724624
399.8099548535529
399.8099548535529
399.82121004268896
399.38202262996265
399.84496995710725
399.84496995710725
399.84496995710725
399.88123236781195
399.88123236781195
399.45212479094414
399.50594488693156
399.0839510679426
399.5722713102099
400.064994719608
400.65571255131255
400.24992192379
401.2779585275025
401.7984569407902
401.40378672852603
402.4636629560487
404.8468846366488
405.3899357408864
406.86361351194824
407.41624906230726
409.8316727633432
410.39493174258376
411.894403943535
412.8268402126974
412.46696837443847
414.33440600558384
414.9132439438394
415.4960890309318
416.08292442733097
417.02038319487457
418.5510721524913
419.1479452412954
420.0880860010196
420.6899095533431
421.6313555702422
422.2380844973603
423.18081241946686
424.1238026803023
424.736388834298
424.736388834298
425.3527947480773
425.3527947480773
425.9730038394452
425.9730038394452
426.91919610155736
426.5969995206249
426.5969995206249
426.5969995206249
427.5441497670153
427.22476519977164
428.1728622881184
427.8562842824679
428.8053171312128
428.8053171312128
429.4414977619187
429.4414977619187
430.08138764657093
431.0324813746639
431.983795992396
433.5815955503647
433.5815955503647
436.1387393937851
437.0926675202868
439.00113895068654
439.95567958602373
441.86536410992886
443.77584431782674
443.48167944121434
445.39420741630664
446.3507589329271
447.3075004960234
448.26443088873333
449.22154890432404
449.22154890432404
450.17885334608957
450.17885334608957
450.8491987350094
451.8074811244276
451.8074811244276
452.76594394896796
452.76594394896796
453.72458606515914
453.72458606515914
454.6834063389602
454.6834063389602
455.3602969078442
455.3602969078442
456.3200631136001
456.3200631136001
457.28000174947516
457.28000174947516
458.2401117318299
459.2003919858954
460.16084144568407
460.16084144568407
461.12145905390264
460.84487628702135
462.76776032908776
462.76776032908776
464.69129537791
465.6533045088373
467.5778010128368
467.3071794868981
468.27022113305475
469.23341739479724
471.1602699719067
472.12392440968296
473.08772970771497
474.0516849458506
476.68123520860354
478.61153350081315
479.57689685805343
482.4738334873716
484.4058216000299
487.3048327279343
489.2381833013445
490.2050591334202
492.13920794832023
492.13920794832023
494.0738811149604
495.04141240910343
496.9768606283395
497.944776054534
497.944776054534
499.8809858356287
500.8492787256462
501.8176959813195
503.03578401541176
504.0039682383463
504.9722764667383
505.9407079885942
506.9092620972712
508.1269526407746
508.1269526407746
509.095275955297
509.095275955297
510.0637215093816
511.2817227321939
511.2817227321939
512.2499389946279
512.5007317067947
513.4685968976097
513.4685968976097
514.6882551603446
515.6558930139362
515.6558930139362
516.8761940735905
517.8436057343954
518.0974811751163
521.253297351681
523.442451469118
525.37605579242
526.3430440311718
528.5319290260524
532.6546723722604
533.6215887686704
536.7774212837198
537.7443630573918
538.7114255331884
540.9001756331754
543.0893112555245
544.056063287599
546.2453661130683
547.2120247216795
550.3680586661984
552.3015480695306
555.4574691189237
556.4242985348501
557.6468416480093
559.836583299091
559.836583299091
561.0606027872568
561.0606027872568
562.0266897577018
562.285514663147
563.2512760748972
563.2512760748972
563.5113131073767
564.7379923468935
564.7379923468935
565.0008849550592
565.2654243804409
565.2654243804409
565.5316083120376
565.7994344288443
565.7994344288443
567.031745143074
567.3023885019346
567.8485713638804
568.4012667121705
568.4012667121705
568.9604555678716
569.2424790895353
570.4848814824105
571.0560392816103
571.3440294603594
572.5906041841763
572.5906041841763
574.1297762701391
575.3790055259229
576.6289968428573
577.5846258341716
578.8350369492158
581.9965635637379
582.9519705773366
584.2028757204127
587.3644524483925
588.3196410115847
591.4811915860047
592.7326547441097
593.6876283029654
595.8942859266231
597.146548177246
600.3082541494828
600.6071927641227
602.8150628509543
604.0695324215583
606.2779890446296
607.8371492431176
608.789783094296
610.3523572494826
610.3523572494826
611.9191123016178
613.1794190936288
613.4900162186831
613.8020853662848
614.115624292364
614.4306307468728
615.0650372115131
615.3844326922806
615.7052866428872
616.0275967844298
616.0584387864515
615.7734973186164
616.4389669707781
616.5070964717276
616.8468205316454
616.9359772294042
617.2819453053847
617.9781549537167
617.7442836643654
618.0978886875444
618.0978886875444
618.4529084740406
618.8093405888441
619.1671825928761
619.8870864923708
620.2491434899366
620.2491434899366
622.2740553807462
622.6411486562705
624.3084173707736
624.6791176276025
625.0511979030198
627.6535668663088
628.0286617663241
629.3313912399412
629.7086627957408
630.6346010171025
631.9382881263011
632.3171672507398
633.6221271388807
633.6221271388807
634.0031545662845
635.3093734551695
635.3093734551695
636.0770393592273
636.4628818713626
637.2385738481311
637.6284184381998
638.0195921756635
638.2828526601667
638.679888520063
638.9632227288203
638.8560088157581
638.3486508170907
638.2538679867126
638.6650139157459
637.2566202088449
637.1789387605337
637.1090958383816
637.0470940205284
636.9929355966202
636.9466225673859
637.8095326976542
638.2139139818247
638.192760848946
638.1794418500176
638.6235197673195
638.6211709613141
639.0696362682239
639.5193507627428
639.0782424711391
638.6399611674797
639.5506234849591
639.5506234849591
639.1189247706565
640.4998048399391
640.0765579210037
640.5411774429494
640.5903527216126
640.5903527216126
641.059279630207
641.529422552076
642.000778815727
641.5925498320565
641.1871801588051
641.1871801588051
641.6634631954666
640.3850404248993
639.5076230976454
639.1118837887464
639.5944027272284
637.8440248211157
637.4550964577819
637.0690700387204
636.1965105217098
635.8144383387341
635.9284550953826
634.6857490128481
635.1826508965748
634.448579476698
634.9503917630101
634.738528844752
634.3855294692653
633.6884092359588
634.2018606090651
633.8596059065446
632.6649982415654
632.32981900271
630.2927891067769
629.115251762346
628.265071446758
627.0948891515542
626.2467564786264
625.0839943559586
623.3923323237141
622.5471869665785
622.5471869665785
621.7025012013382
621.7025012013382
620.8582769038358
620.5521734713367
620.5521734713367
619.1712202614071
618.3283917143058
617.4860322306894
617.4860322306894
616.644143732834
614.9617874307313
614.9617874307313
613.2813383757898
612.4418339728272
611.6028122891522
609.9262250469314
609.0886634965389
608.2515926818442
607.4150146316767
605.743344990269
604.9082575068719
603.7921827913972
602.9593684486542
602.1270630024862
601.8513105410672
601.0207983090103
599.9208281098432
598.2649914544558
597.4378628778059
595.5249784853696
594.7007650911507
591.9797293826875
591.1590310567876
588.7002632919405
587.6401960383581
587.6401960383581
586.0076791305725
585.1922760939348
584.377446518943
583.7979102394937
582.9828470890031
582.1683605281207
579.959481343309
579.959481343309
579.1459228899051
576.355792891856
575.5423529159257
574.147193670752
572.7521278877975
571.938807915672
571.1260806511991
569.7306381089224
568.3352883641838
566.9400321021616
566.1271941887264
565.5448700147496
564.1498028006391
562.7548311654019
562.1743501797285
560.7798141873511
558.8067644544042
558.2293435497636
555.4421662063477
554.8666506468018
553.4735766050625
552.0806100561765
550.6877518158543
549.2950027080167
546.5098352271439
545.6903884071993
543.4786104346701
541.0249532138051
539.6313556493915
537.9981412607297
534.9728965097204
533.3441665566429
532.5307502858403
531.1355759125913
528.9272161649465
528.1145709029433
525.9068358559338
523.6993412254783
520.6812844725648
519.8711378793787
517.6649495571436
514.0622530394544
513.2533487469907
510.45959683406875
508.47615479980965
505.6836956042779
505.0990001969911
503.12026395286443
501.1436919686808
500.56368226230717
499.16930995404755
498.01405602653426
497.43843840218057
496.86416654856487
496.2912451373689
494.0131577195085
492.8823389004723
490.63734060913055
489.5232374463954
487.8626855991345
486.7627758980754
486.2149730314771
485.1236955663988
484.58023071520364
483.801612233775
483.26493768946244
482.1960182332492
481.1330377348868
478.6992792975565
478.17360864020924
477.12681752339176
476.0861266619728
475.5680813511353
474.19510752431853
473.1648761267049
472.30710348246936
471.79338698205595
471.28123238677773
469.9106298010293
469.9106298010293
468.0309818804734
466.6615475909709
465.29238119702757
464.7859722495936
463.4177381154071
462.0497808678195
461.5463140357639
460.17931287705665
459.6781482733327
458.31212072123947
457.8132807160579
455.9517518334588
455.9517518334588
455.45691343967985
454.9637348185018
454.47222137332
453.9823785126467
453.49421164993936
453.00772620342804
453.8821432927275
453.3982796614914
453.31335740302205
453.31335740302205
454.1200281863816
454.059467470947
454.00991178607546
453.97136473570663
453.9438291242651
453.9273069556402
453.9217994324573
453.9273069556402
454.38309827721366
454.84282999735194
454.87250961120964
455.34272806315903
455.34272806315903
454.48542330860295
454.9648338058668
454.5415272557613
455.02747169813824
454.6086228834645
455.10108767173915
455.10108767173915
454.686705325766
454.27414630374903
454.77576892354324
454.77576892354324
455.2812317677943
455.2812317677943
454.875807226544
455.3877468707299
455.3877468707299
455.9034985608248
455.50521402065203
456.0274114568114
456.9463863518345
456.55339227739836
457.4734965000705
457.083143421413
458.9259199478713
459.46164148925425
460.3846218109376
460.92515661439006
461.8495426001849
462.77424301704605
462.3948529125297
464.24670165764235
465.17308606582134
465.72524088780074
466.28103113894736
467.20980297934676
467.7702427474411
468.7003307018249
472.06037749423535
472.99260036495286
474.4986828221971
476.366455578056
477.88073826008093
479.75201927662584
481.27435003332556
482.2115718229914
482.2115718229914
483.14904532659483
483.14904532659483
483.74063298424704
484.67927539765924
485.61816275753114
485.61816275753114
486.5572936458768
487.4966666552706
487.4966666552706
488.43628038875244
489.3761334597346
490.3162244919089
491.25655211915495
492.19711498544973
493.47745642531635
494.4178394839733
494.4178394839733
496.2993048554471
497.24038452241587
497.24038452241587
499.4607091653957
501.3431958249758
503.2265891226337
504.1686225857377
505.4463374088292
506.38819101554884
508.27256467371916
511.10077284230357
512.0439434267337
516.7630017716052
518.6520991955975
521.4872961060508
524.0009541976045
525.8944761071369
527.7887835109799
529.6838679816481
531.5797212083997
533.4763349952835
536.3226640745289
537.271812028139
539.1706594391056
541.3834131186511
542.3329235810786
543.2826152197399
544.5456821975545
544.8605326136221
544.8605326136221
546.1254434651438
546.1254434651438
546.7622883849982
546.4595135963871
546.4942817633136
547.4897259309986
546.8829856559811
546.9597791428544
547.6467839766797
547.1681642785882
547.5216890681136
547.2997350629726
547.0868304026336
547.8138369920935
548.5471720827662
548.7312639170472
549.1056364671556
550.4080304646726
551.9248137201298
553.6153899594916
555.3098234319289
556.6192594583841
558.8506061551692
560.1606912306504
562.3922118948661
563.7029359511976
565.5448700147496
567.7763644252902
570.0078946821702
572.2394603660255
573.1605359757422
575.3920402647225
577.2347875864725
580.387801388003
581.6975158963635
584.8504082241885
585.2392673086795
587.4708503406786
588.7817931967666
589.1731494221372
590.485393553473
590.8790062271632
591.2740481367333
591.6705164194004
592.4677206396987
592.8684508388012
592.7596477494061
592.7596477494061
592.6592612960671
592.1562293854554
591.1590310567876
590.1737032433756
589.6236087539236
589.5701824210583
588.1538914263851
588.1241365562206
587.205245208181
587.194175720434
586.2985587565435
586.297705948096
585.8540773947042
584.9615371971049
584.5220269587794
583.6308764964376
583.6308764964376
582.7400792806343
582.7400792806343
582.3057616063918
582.3057616063918
581.4163740384338
580.5273464704311
580.5273464704311
579.1804554713497
579.1804554713497
577.4028056738207
577.4028056738207
575.1669322900962
573.8196580808294
571.5837646399694
569.8069848641732
567.5711409153922
566.2234541238997
565.3352987387219
563.9875885159177
562.640204749003
560.8636197864861
559.5158621522718
557.280001435544
555.932549865539
552.8082850319811
551.4607873638886
549.224908393638
546.9890309686292
544.7531551078893
543.4059256209855
542.0590373750815
539.8231191788658
538.4765547356727
537.1303380000054
536.674948176268
535.3298048866699
534.8766212875638
533.9850185164374
533.5325669535084
532.1888762460185
531.2899396751269
529.5016524997822
529.0567077355697
528.1713737036494
527.2921391411027
526.8548187119484
526.0237637217543
525.594901040716
525.2237618387044
525.2237618387044
524.8018673747265
525.2894440211035
525.7803723989704
525.364635277252
525.364635277252
525.8611984164643
525.8611984164643
525.8611984164643
525.8611984164643
526.3610927870714
526.3610927870714
526.3610927870714
526.3610927870714
526.3610927870714
526.3610927870714
526.3610927870714
526.3610927870714
526.3610927870714
527.1062511486655
526.6165587977652
