374.25258850140233
365.75948381415895
365.75948381415895
365.75948381415895
365.9207564487153
365.9207564487153
365.9207564487153
365.9207564487153
365.9207564487153
365.9207564487153
365.9207564487153
366.54194848611803
367.3254687603352
367.3254687603352
369.35213550215195
369.35213550215195
371.3812057711052
372.0067203694041
372.7868023414992
372.7868023414992
372.7868023414992
372.7868023414992
372.7868023414992
372.7868023414992
372.7868023414992
372.16259887312697
371.5400382193015
370.91912865205535
369.0663896916109
368.4521678590045
367.83963897328954
367.22881150585124
366.61969396092184
366.0122948754591
366.0122948754591
366.0122948754591
366.0122948754591
366.0122948754591
366.0122948754591
366.0122948754591
366.0122948754591
366.0122948754591
366.0122948754591
366.0122948754591
366.0122948754591
366.0122948754591
367.41393550054687
367.41393550054687
368.2091796791601
368.2091796791601
369.00542001439493
369.00542001439493
369.00542001439493
369.2004875403065
368.6000542593558
368.6000542593558
366.8092147152249
366.43143969916116
365.8428624423333
364.67108467768594
364.3212867785795
363.7430411705494
362.59205727649356
362.840185205553
362.27061708065696
361.70291677010295
361.70291677010295
361.13709308239163
361.9627052611912
361.9627052611912
361.9627052611912
361.9627052611912
361.9627052611912
361.4000553403389
361.4000553403389
361.4000553403389
361.4000553403389
361.4000553403389
361.4000553403389
361.9627052611912
361.9627052611912
361.9627052611912
361.9627052611912
362.7891949879434
362.7891949879434
362.7891949879434
362.7891949879434
362.7891949879434
362.7891949879434
362.7891949879434
362.7891949879434
362.49827585796874
361.9419843013518
361.3876035505369
359.18936509868996
358.6446709488376
358.4034040016919
357.865896670806
357.33037934102384
356.79686097273895
355.2083895405625
354.682957019364
355.0126758300329
354.4925951271761
354.4925951271761
354.8309456628607
354.8309456628607
354.3162429243119
354.3162429243119
354.3162429243119
355.1746049480452
355.1746049480452
355.1746049480452
354.6632205346362
355.5235575879607
355.5235575879607
356.384623686264
356.384623686264
357.24641355792505
357.60453017264757
357.60453017264757
357.9678756536681
357.9678756536681
358.83422356291493
358.71018942873644
359.0891254271006
359.4732257067277
359.3800217040452
359.7777091483017
359.23529893372114
359.18379696194535
358.7199464763564
358.23176855214837
358.6697645467206
358.66558240232644
359.5608432518758
358.6753406633916
359.13507208291423
360.0347205478938
360.50104022041324
360.50104022041324
360.9722981061012
360.9722981061012
361.8756692567214
362.7795473838072
363.2588608692154
364.1647978594307
365.9781414237741
365.55847685425107
366.46691528704196
367.87090126836614
367.87090126836614
368.8753176887822
370.2998784768907
371.33542788158525
372.2539455801644
373.3108624189765
373.0804202849568
373.62681916586234
373.99598928330767
374.5624113549036
374.77459892580765
376.2884531845217
375.5862084794914
377.11536696347974
377.37117006999887
377.9748668893211
377.6400402499714
377.30756684699554
378.25123925771874
378.25123925771874
378.25123925771874
378.8667311865744
378.8667311865744
378.8667311865744
379.81179549877066
380.7571404451924
382.6486639203122
383.59483833857826
383.59483833857826
385.1674960325702
384.8493211634912
386.1204475290062
387.0710529088942
386.76220084180926
387.7576562751534
388.711975632344
388.4147268062837
390.12433915355757
390.80046059338264
391.89029077026134
392.3123755376575
392.7467377331096
393.45139471096047
393.19333666785354
394.62007044751283
395.0923942573433
395.0923942573433
395.8181400592954
395.8181400592954
396.7883566840136
396.547601177967
396.547601177967
397.51855302614496
397.51855302614496
398.48964854811476
399.4608866960569
400.4322664321645
401.40378672852603
401.40378672852603
402.3754465670091
402.3754465670091
403.3472449391467
405.05802053533023
405.05802053533023
406.77389296757974
408.27074350239695
409.0244491469917
409.78164917428893
410.5423242492788
412.0740224765449
411.86648321998723
413.417464556107
414.00120772770697
414.9819273173231
415.5779108663019
417.3535671346299
418.1506905411015
417.96770210149015
418.9510711288372
419.754690265636
419.754690265636
420.7386362101774
420.7386362101774
421.7226576791909
422.7067541452348
423.69092508572805
424.6751699828941
426.64387959983674
427.62834330759694
429.5974860261638
430.58216405234435
431.5669125408017
432.551731010292
433.53661898391005
435.33550280214916
436.972539182956
437.95890218147184
439.76925767952446
439.6089171070123
441.42609800509075
442.25897390556133
442.10632205386975
443.93355358657
444.7752241301217
444.7752241301217
445.6197930972097
446.4672440392464
448.3079298874826
449.29834186206386
450.1521964847
451.1429928525988
452.133829745132
452.133829745132
453.1247068964569
454.1156240430404
455.24169404833737
456.23239692069217
458.21392383907323
459.3408320626417
461.32201334859366
461.32201334859366
462.4499972970051
463.4403953045095
464.4308344630016
465.42131450976757
468.3929973857423
468.3929973857423
471.2303046282147
473.212425872356
474.0717245312148
475.9254143245557
476.7903103042259
478.52795111675556
479.40066750057827
480.3935886333205
482.26237672039065
482.14728040299053
484.02169372870054
484.90514536350304
485.7911073702358
486.78537365044156
486.6795660390931
487.67407148627456
487.67407148627456
488.66859935952505
489.6631495221996
490.657721838758
491.86380228677126
492.8579917176955
494.9545433673682
497.0523111303276
498.2710105956396
500.37286097469354
501.60143540464475
503.7072562510888
504.8217507199942
505.9377432056241
507.9222381428086
509.0392912143423
511.0234828263766
511.8915900852445
511.8915900852445
513.8764442937621
514.7475109216168
516.6139758078559
517.6069937703702
519.4766597259207
520.3556476103628
520.2432123536067
521.126664065465
521.126664065465
521.126664065465
522.1206757062969
523.1147101735909
523.1147101735909
524.218465909014
524.218465909014
525.3237097257271
526.4304322510241
527.5386241783629
528.8865662880842
529.8792315235614
531.1167479942616
532.2339711066929
533.3526038185246
534.4726372790285
535.4642845232537
536.716871357702
537.7080992508854
538.8320703150472
540.9482415166908
541.9391109709651
544.056063287599
545.0467869825488
546.0375444967132
547.0283356463356
548.0191602489825
549.0100181235312
549.0100181235312
550.9918329703263
550.9918329703263
551.9827895867769
551.9827895867769
552.9737787635142
552.9737787635142
554.0992690845206
555.3638447000309
556.493486035551
556.6345300104908
558.0573447236404
558.3547259583283
559.6472103030623
561.1033772844359
562.5735507469224
562.9040770859632
564.0576211700361
565.7296173968621
568.2297070727648
569.575280362482
571.1129485487087
572.2831467027489
573.6453608284478
574.8191019790487
575.99392357906
576.9748694700662
577.9558806691043
579.9180976655238
579.9180976655238
580.8993028055723
582.6705758831486
582.6705758831486
584.2576486448423
584.0719133805356
585.0546982975181
585.4921007152872
585.4921007152872
586.4759159590443
586.4759159590443
586.4759159590443
586.4759159590443
586.4759159590443
587.4597858577215
587.8205508486412
588.0034013507064
589.5438914957901
590.905237749675
592.4668767112639
593.6438326134619
595.4242185198717
598.2056502575014
600.0308325411287
600.2466159837971
602.8540453542631
604.2731170588346
605.4717169282146
607.8716969887643
609.0730662244063
610.0467195223657
611.020457922646
611.9942810190304
612.9681884078487
613.7165469498113
614.6909792733256
615.4421175057813
616.1955858329399
617.1709649683789
616.9513757177303
617.9271801757874
617.9271801757874
618.9030618764137
618.9030618764137
618.9030618764137
619.8790204547981
620.0975729673517
621.5142798037709
622.7118113541769
624.3620744407847
624.590265694239
626.2563372932844
627.6973793158611
628.9053982913488
630.5933713574858
632.0482576512651
633.5076952965923
634.7235618755617
636.9089416863293
636.9089416863293
638.1261630743563
639.094672173067
640.0632781217807
641.0319804814733
642.000778815727
642.000778815727
642.9696726907109
643.938661675163
644.9077453403704
644.9077453403704
644.9077453403704
644.9077453403704
644.9077453403704
644.9077453403704
646.1238271415162
646.6219915839547
646.8732487899001
648.1512169239521
648.6724905528213
649.465164577747
650.2707128573453
650.8148738312609
651.6417727555531
652.8805403747305
653.7231830063854
655.25033384196
657.0700114904042
657.3598709991354
658.8998406434774
660.4437901895967
661.3992742663088
661.9916917907656
662.9464533429529
664.1987654309514
664.1987654309514
665.1533657736387
665.1533657736387
665.4517262732136
666.406032385662
666.406032385662
666.7053322120651
666.7053322120651
667.0059969745399
667.6114139227999
667.9161624036358
668.8385455399532
668.823594081429
668.823594081429
669.463217809612
670.7585258496533
670.8002683362612
670.8569146994015
671.8690348572406
672.893007840028
673.928779619924
673.6890974329331
674.7458780904111
675.4568824136742
676.1730547722233
676.8943787623
676.8943787623
677.2569674798481
677.2569674798481
677.2569674798481
677.6208379322466
677.6208379322466
677.6208379322466
677.6208379322466
678.9167842968681
678.9167842968681
678.9167842968681
678.9167842968681
679.2827099227537
679.2827099227537
679.6499098800793
680.018382104484
680.7591350837681
681.1314116967444
681.8797547955211
682.2558171243394
683.3915422362205
683.7726230261051
684.5385306905667
685.6967259656415
686.0852716681798
686.8660713705402
687.258321157336
688.0465100558247
688.4424449436568
688.8396039717809
689.2379850240409
689.2379850240409
689.6375859826667
690.5541253225557
690.5541253225557
690.9544123891243
690.9544123891243
690.9544123891243
690.9544123891243
690.9544123891243
690.9544123891243
690.9544123891243
690.9544123891243
690.9544123891243
691.3559141281718
691.2481464712944
692.4687718590637
692.377064900333
692.7077305761788
692.6333806567512
692.9884558923042
693.8364360567987
694.6437936093578
695.9403710088961
696.8105911939055
696.7869114729409
697.2266489456639
697.2130234010262
696.3167382736107
696.7610781322389
695.8656479522466
695.8656479522466
694.9705029711693
694.0756442924647
694.0756442924647
692.2867902827555
691.3927971855073
690.9486232709347
690.5070600652828
690.0681125802002
690.0876755891239
690.1144832562203
690.1485347372694
690.6554857524843
691.238019787685
692.1863910826331
692.8239314573365
692.5272557813158
692.6304931202495
691.8706526512018
691.9898843191279
690.751040534866
690.751040534866
689.517222409999
688.6515809899807
687.7863040218233
685.5545200784544
684.6897107449475
683.3227641459049
681.593720628352
680.7297554830404
680.7297554830404
679.8661632998071
679.8661632998071
679.5086460082756
679.1538853603063
678.8018856779937
678.45265125873
677.7624952739714
677.9387877972465
678.122407829147
677.7905281132217
677.9859880558005
677.661419884591
677.3396489206874
677.0206791524171
677.5514740593514
676.3911590196903
676.3911590196903
675.2362549508135
675.2362549508135
674.3923190547176
672.7057306133195
671.863081289633
671.0208640571469
670.1790805448943
668.7974282247204
668.7974282247204
667.9558368634861
667.1146827944953
666.2739676739592
665.4336931655926
665.1375797532418
664.0067770738489
664.2665127793211
663.9819274648972
663.7002335392086
663.9766562161655
663.4312323067102
663.162875921142
662.6348919276738
661.5512073906298
661.8647898173765
660.7934624373943
660.5467432362376
658.9097054984089
658.6683535740882
657.0357676717456
655.4052181665935
654.0107032763302
652.3817900585515
651.5681084890512
650.7549461971073
650.7549461971073
649.359684612465
648.5468371675248
647.7345135161473
647.1514505894273
645.526916557319
644.1311978160971
643.3195162592225
642.5083657042918
641.6977481649752
640.0781202322104
639.2691139105658
638.4606487482216
637.436271324436
636.4181015653153
635.6138765005056
634.6038134143223
633.6000315656557
632.6025608547598
631.6114311821786
630.8153454062449
629.832517420306
628.245970938135
628.8561043672869
628.0644871348801
626.483040472765
626.483040472765
625.6932155617479
624.9039926260673
624.9039926260673
623.5006014431742
621.3082970635431
619.1163057132319
618.3283917143058
615.5209175974444
615.5209175974444
613.3294383934298
611.9256490783828
610.5219078788247
609.1182151274086
606.9266842049376
606.1394229053246
603.9486733158705
603.1624988342694
600.1874707122766
599.4030363620125
597.2143668734034
596.4310521761925
593.4610349466931
592.6795086722672
590.4930143532606
588.9329333633839
588.3068927014199
586.747816357249
585.3417805009309
583.1569257069661
581.7508057579294
580.3447251418763
578.9386841453937
576.7538469745997
576.1267221714334
574.7208017811779
572.689270023457
570.5032865812431
568.4725147269655
567.0670154399743
565.6615595919525
564.256147507495
562.8507795144287
560.8226101005557
560.040177130177
556.6075816946801
554.4195162510065
553.0144663568938
551.6094632980837
550.0445436507847
548.6392257212384
547.0767770615016
546.2966227243218
544.8908147509921
544.1112018696178
543.3323108374836
542.5541447634513
542.4066740002376
541.0
540.2240276033639
539.4487927505261
539.4487927505261
538.6742986258023
537.9005484287965
537.2671588697749
536.4932432006949
535.0859744003761
533.6787423160117
531.6389752454197
528.8251128681391
526.7874334112385
523.9742360078403
521.93869371795
520.5324197396354
518.498794598406
517.8725711987457
515.0611614167777
513.6555265934554
512.2499389946279
510.84439901010956
509.4389070340034
509.4389070340034
508.65803837155664
507.8779380914276
507.09860973976254
506.32005688102066
506.9487153549164
505.3958844312051
505.2534017698446
504.3431371596128
504.9801976315507
503.4411584286688
504.0813426422367
503.3140172894055
503.3140172894055
502.54751019182254
501.13870335467004
498.96392655180995
497.5550220829853
495.5037840420596
493.45415187228895
491.40614566771546
490.7677658526485
486.6795660390931
484.6380092398862
483.3735615442781
481.9668038361148
479.9302032587655
478.5237716143264
478.5237716143264
477.11738597540125
477.11738597540125
476.34021455258215
475.7110467500203
475.7110467500203
474.9336795806337
474.9336795806337
474.157146946031
472.60660173129196
471.9745755864398
471.9745755864398
470.567742200844
469.79250739023075
469.1609531919723
467.75420896021876
467.1241804916547
465.08923874886636
463.8361779766645
461.8062364238924
459.9413006025878
458.7046980356752
457.4734965000705
455.6369168537598
454.41940979672074
452.411317276657
451.2028368705144
450.60071016366584
448.60004458314535
446.60161217801266
445.4088009907303
442.01809917694544
441.42609800509075
439.4382778047447
438.8496325622251
436.05618903989887
434.6596369574704
433.48933089523666
432.09373982968094
431.5112976504787
430.11626335213134
430.11626335213134
428.37950464512187
428.37950464512187
426.65677071857186
426.9074841227312
425.7722395835595
424.9094021082612
424.6233625226007
422.9633553867285
422.7020227063031
421.070065428546
419.99047608249407
418.3837950972767
416.7925143281727
415.74030355499576
414.6950686950594
412.8014050363685
411.76813864115326
409.88291010970437
407.49233121618374
406.98525771826183
405.6168142471414
405.6168142471414
405.6168142471414
405.6168142471414
405.6168142471414
405.1123301011708
405.1123301011708
405.97660031090464
405.97660031090464
406.8414924758781
408.0747480548141
409.31650345423407
409.31650345423407
410.07804135310636
410.4655893007354
410.37665625617643
409.82557265256156
408.8826237442721
407.9068521120968
407.4236124723259
406.51937223212377
405.62297765289384
406.0738849027354
405.1913128387626
405.652560696959
406.1182093922901
405.6858390429718
405.25547497843877
406.15883592506026
405.73143826920784
406.63620104461927
407.54140893901814
409.35314827175813
410.25967386522404
411.655195521689
411.655195521689
412.56393443925754
413.05810729242444
413.9685978428799
414.46833413422553
415.38054841313885
414.566038165212
415.07710127155894
415.1939305914767
415.7162493817147
414.9313196180785
415.46359647988413
415.07710127155894
415.61640968566195
416.15982506724504
416.70733134899365
417.6338108917907
418.56062882215764
419.1145428161614
420.04285495649134
420.9714954720806
422.46183259556125
423.39225311760254
424.3229901855425
425.82273307093413
426.75519914817676
428.2627698037736
428.84146254764124
428.7248534899744
428.9731926356238
429.23303693914335
429.5043655191411
429.78715662523
430.08138764657093
430.7063965162347
431.335136523794
431.0185610852507
431.9675913769458
432.9168511388763
433.8663388648628
436.07912126126837
439.2413914921953
440.1908676926408
443.35313238997196
443.6676684186036
446.5153972709116
447.4650824366076
449.36510767971293
450.95676067667506
451.6015943284523
452.90175535098115
453.5570526405691
453.6298050172629
454.4007042248064
453.5647693549401
454.4062059435368
454.1409472839902
454.3236731670495
455.03406465890004
455.7477372406801
456.7154475162845
456.7154475162845
457.68329661459137
459.6194077712559
461.8062364238924
463.99353443771173
466.1812952060604
468.369512244339
470.5581791872287
471.525184905324
473.7140487678194
474.68094547811796
476.615148731133
477.33007447677124
479.0167011702202
479.0167011702202
481.67727785312854
482.1617985697332
483.1324870053762
485.3380265340848
485.3380265340848
486.8233765956602
487.5705077217038
488.3205914151071
489.0736140909669
491.02443931030564
491.02443931030564
493.19570152222536
494.3925565782721
495.59055681076086
497.9899597381457
500.3938448862056
501.5974481593781
504.9801976315507
506.1867244406949
508.60298858736564
509.8127107085503
511.7548241101397
511.7548241101397
512.7260477096906
513.6973817336428
514.6688255567847
515.4046953608397
516.884900147025
517.6292109222585
518.376311187153
519.3505559831433
519.1261888982292
520.1009517391792
521.0758102234262
522.0507638151677
523.0258119825445
525.1980578791205
526.396238588385
528.7958017987662
529.9971698037641
531.6624869219193
532.634959423431
534.3126425605144
536.0037313302959
537.2169021912844
537.4616265371882
538.6770832326172
538.6770832326172
539.8935080180164
539.8935080180164
539.8935080180164
540.8622745209726
540.8622745209726
540.8622745209726
541.8311545121783
541.8311545121783
543.5236885362035
544.4933424753694
544.4933424753694
545.4631059934302
545.4631059934302
546.4329785069712
547.6467839766797
547.6467839766797
549.8308830904281
551.0462775484469
551.2939324897382
552.2626186878848
553.7300786484332
553.7300786484332
555.2026656996525
556.4242985348501
557.9041136252716
559.3889523399617
559.3889523399617
560.6157329222932
562.1076409372141
564.3013379392255
565.5316083120376
567.459249638245
568.6897220805032
569.6534033954331
571.8478818706947
573.0794011304192
573.3489338962793
575.5449591474154
576.7789871345869
577.3265973433062
578.841083545389
580.3602329588064
580.9251242630155
581.496345646299
583.32152368998
583.9075269252829
584.4997861419625
584.7982558113524
586.3531359172559
586.655776414074
587.9124084419379
588.865009998047
589.8177684675157
589.8177684675157
591.7237531145763
592.6769777880696
595.2377676189575
596.1920831409958
596.8492271922617
597.8043158091116
598.7595510720477
598.7595510720477
598.7595510720477
600.0108332355342
601.2628377007845
602.8150628509543
604.9801649641086
606.5459586873859
608.4274812991274
610.3195884124972
613.8118604263036
614.135164275748
617.3313534885459
618.9353762712227
620.5433103337751
622.1551253505833
623.4332362009584
624.3748873873773
624.3748873873773
625.3167197508795
625.3167197508795
626.2587324740471
626.8668120103345
626.8668120103345
627.8096845382365
627.8096845382365
627.8096845382365
627.8096845382365
627.8096845382365
628.143295753445
628.8147580965319
629.4918585653035
630.5180409790032
631.9058474171608
632.9612942352794
633.6718393616684
635.1094393882049
635.4722653271344
635.2715954613428
636.0078615866316
636.7495583037337
636.7495583037337
636.7495583037337
638.0501547684163
638.0501547684163
638.0501547684163
638.0501547684163
638.0501547684163
638.0501547684163
638.0501547684163
638.0501547684163
638.0501547684163
638.4238404069823
637.8722442621249
638.6274344247983
638.4637812750227
638.3079194244734
638.5491367154136
638.9397467680344
639.201063828902
638.679888520063
639.8788947918192
640.2811882290467
640.5825473738728
640.9906395572403
641.4000311817891
641.8107197608965
641.8107197608965
641.8107197608965
641.8107197608965
641.8107197608965
641.8107197608965
641.8107197608965
641.8107197608965
641.8107197608965
641.8107197608965
642.2227028064331
641.3119365800078
640.740196959735
640.67230313164
639.7069641640616
640.5599113275822
640.5154174569102
640.9134106882145
640.4498419080139
641.3267497929585
641.3119365800078
641.7554051194271
640.8595790030762
641.3049196755004
641.3049196755004
641.3049196755004
641.3049196755004
641.3049196755004
641.3049196755004
640.4100249059192
640.4100249059192
640.4100249059192
640.4100249059192
639.5154415649398
638.6211709613141
637.7272144106757
635.9402487655582
635.9504697694624
635.9504697694624
635.0787352761861
634.2184166357833
634.2554690343632
633.834363221181
633.8840587993991
633.060028749249
633.1271594237606
633.2021794024402
633.2850858815483
632.8917758985339
633.3758757641468
633.3758757641468
633.4745456606761
632.6017704685943
633.0908307660126
633.0908307660126
632.2191075885005
631.8393783233204
630.9690959151644
630.5933713574858
629.7245429550924
629.3528422117437
628.117823342086
627.251943002172
626.0239612027642
625.664446808351
624.4461546042221
624.4461546042221
623.7443386516626
622.0265267655392
621.6823947965713
620.4852939433779
620.4852939433779
620.148369343982
620.148369343982
618.961226572392
618.961226572392
617.2560246769568
616.9286830744701
616.0779171500956
614.0570006115067
613.2087735836792
612.0457499239742
610.8886968998526
609.7376485013862
608.5926387987288
607.4537019394976
607.1589577697096
606.8673660693909
606.5789313848611
605.4593297654269
605.1784860683664
604.9008183165237
604.6263308854486
603.7963232746619
602.9668315919209
600.7495318350236
598.8029726045121
595.4712419588371
592.6972245590492
588.5371695993381
585.7644577814533
583.5451996203893
581.3260702910201
580.4937553497023
579.6619704620962
579.1165685766554
578.8488576476592
578.3234389163213
578.6337356221118
578.7054518492115
577.4054035077954
577.1698190307598
576.1249864395746
574.5015230615146
573.6906832082948
569.5024143934774
566.7106845648844
561.5950498357336
559.623087443683
554.5394485516788
549.7417575553088
545.8388040438313
544.1626595054092
542.2195127436858
540.8326913195984
539.4460121272564
539.4460121272564
539.4460121272564
538.61396194306
538.61396194306
538.61396194306
538.3391124560801
538.8970217026626
538.0678395890243
537.2392390732457
537.2392390732457
536.4112228505292
536.4112228505292
534.4623466625128
531.9586450091774
529.184277922162
526.1378146455546
525.5872905617106
522.2690877316022
521.1765535785354
519.7932281205672
519.2494583531118
517.3248495867949
516.4842688795081
516.4842688795081
515.6442572161548
514.2616065778195
513.4218538395108
512.5826762581818
511.7440766633259
510.9060579010588
509.23177434248936
507.8474180302584
506.4632267006164
505.62634425037623
501.473827831523
500.08999190145767
498.16162036030033
495.6944623455057
493.7732273017645
491.31863388233097
489.4047404756108
488.3410693357666
486.4339626300779
484.5296688542405
483.15318481823135
481.77691933092854
480.4008742706449
479.549788864514
477.84934864452833
477.0
475.3030612146318
474.9873682530937
474.14132914142806
473.2958905378326
472.451055666087
471.07111989592397
470.2265411479875
469.6913880411264
469.1577559840613
467.0385423067351
465.98819727542457
465.2794859006788
465.1042893803496
463.9234850705448
463.7779641164509
462.77640389285193
462.1558178796411
461.6632972199545
460.6831883192613
459.7096910007445
458.7428473556836
457.30514976326253
456.3551248753541
454.5294269901565
453.5912256646947
453.1247068964569
452.1968597856469
451.7355421040058
451.27596878185307
450.81814515389686
450.3620765561861
450.7992901502841
451.2405123656341
451.2394043077355
452.58811296807164
452.60689345170164
453.07063466969475
452.6367196770496
453.10705136865835
452.24993090104505
453.15449903978663
452.306312138135
451.88494110780016
450.63177872848695
449.8055135277913
449.39514906149134
448.57998172009417
449.0901913869863
448.28785395100766
448.41164124050124
448.0178567869812
448.1573384426501
448.69254506844663
450.15552867870014
450.6994564008259
451.2471606558871
453.10043036836765
453.10043036836765
454.954942824012
454.954942824012
455.8826603414523
455.8826603414523
455.8826603414523
456.8106828873423
456.8106828873423
456.8106828873423
456.8106828873423
457.36856035368237
458.29793802721827
460.15758170435487
461.6535497534921
463.1554814530429
465.59746562884123
466.5318852983148
468.0480744538962
470.8566660885242
472.73036712273944
474.2583684027094
476.13548491999626
477.07441767506253
478.01359813294016
479.89269633950465
480.83261120685233
481.43327678921406
481.43327678921406
482.3743359674103
483.31563185976097
484.2571630858959
486.14092606979716
487.08315511830216
488.9683016310976
489.9112164464088
491.4671911735309
494.3005158807747
496.19048761539153
499.02705337486464
499.02705337486464
501.8655198357425
502.81209213780846
503.43817892567506
504.0674558032883
504.0674558032883
504.6999108381138
504.6999108381138
505.3355320972393
505.3355320972393
505.3355320972393
505.97430764812555
505.97430764812555
506.9250437688002
507.8759691105694
509.136523930468
510.0872474391023
512.2987409705396
515.4609587543949
517.6726765051445
519.8846025802264
521.7853964993654
523.997137396761
524.6379704138845
525.5891931917931
525.5891931917931
526.2337883488668
527.185925457044
526.8813908271956
527.5319895513446
527.5319895513446
527.5319895513446
527.5319895513446
527.5319895513446
527.5319895513446
528.7872918291437
530.347998959174
533.7958411228024
536.3282576929915
537.9191389047243
541.114590451967
542.7190801878997
543.9944852661652
546.2133282884994
547.4897259309986
547.4897259309986
547.4897259309986
547.4897259309986
548.0994435319196
549.0428034315722
549.6562562183751
549.6562562183751
549.6562562183751
550.600581183856
550.600581183856
550.600581183856
551.5451024168377
552.2046722004442
553.8131453838921
556.4431687063828
557.1292489180585
559.1073242231763
560.5149418168975
562.5202218587347
564.1737321074067
564.5360927345567
565.8312469279158
566.1960791104085
566.1960791104085
567.1269699106189
567.1269699106189
568.0580956205096
567.6944600751358
568.626415144425
570.4910165813305
571.0639193645488
571.9973776163663
572.3565322419234
573.2896301172733
574.011323930112
575.670044383065
576.4026370515666
577.5127704215726
578.2603220003946
580.155151662036
581.3097281140235
582.0867632922088
582.8696252164801
583.2632338832956
585.3699684814724
586.6856057549052
588.8038722698756
589.207094322531
590.5260366825497
591.8454190073621
594.0791193098778
595.3990258641678
595.3990258641678
596.7193645257375
596.7193645257375
598.0401324325985
598.448828221762
598.448828221762
598.3594237579952
598.2783633059113
597.786751275068
597.2352970145016
598.0376242344623
598.867264091134
600.1666435249464
601.5022859474434
601.5064421932653
602.4101592768834
602.8639979298814
602.8639979298814
602.8639979298814
602.8639979298814
602.8639979298814
601.9734213401784
599.7216020788312
597.4855646791812
594.7982851353894
593.90571642307
593.0134905716733
591.2300736599924
590.3600596246328
589.5023324805425
590.4278109980932
589.5905358806228
591.0008460230831
590.592922409336
591.5437430993586
590.664879606025
590.664879606025
590.664879606025
589.7126418858595
587.8843423667618
584.2362535824013
582.4165176229122
579.714584946765
578.3640721898275
577.0138646514484
576.1284578980628
574.3587728937375
573.9425058313768
573.0593337517504
572.2385866052725
571.8330175846792
571.4306607104662
571.5120296196748
571.1182014259394
570.2429306883164
570.727605780551
569.8534899428098
569.8534899428098
568.4936235350402
566.1669365125449
565.2052724453303
561.0
558.2436743931811
555.5042754110899
552.7820547014891
551.8731738361632
550.5288366652559
549.6371530382567
547.4011326257921
546.9643498437536
545.1843724832912
543.8648729234128
543.9007262359556
543.0147327651433
543.0616907865993
542.6472150485986
542.2361109332354
541.3547820052945
540.4738661582076
539.593365415106
539.593365415106
539.1196527673611
538.1765509570256
535.8441937727795
536.269521789184
533.9850185164374
532.6330819616821
531.7461800520997
530.4271863319225
529.9905659537724
529.9905659537724
529.9905659537724
529.9905659537724
529.5280917949491
529.0689936104742
527.7167801008416
527.7120426899504
526.8178053179296
526.3734415792651
526.8244489391129
526.8244489391129
525.9325051753314
526.3857900817612
525.0409507838413
525.0409507838413
524.5884100892813
522.3485426417882
520.5660380777832
518.8111409752107
517.4756032896623
517.0415844011002
515.7072813137313
514.3734052223151
514.3734052223151
513.4715181974556
513.0038986206634
512.0790954530364
511.6219307261955
511.16826975077396
511.61313509330466
512.5075609198366
512.9571132170797
512.9571132170797
512.9571132170797
514.7436255069119
516.9806572783938
519.6854818060632
521.5131829589737
522.4557397521822
522.5064592902178
522.56674214879
523.0544904692053
522.6365850186916
522.6365850186916
522.6365850186916
522.1465311576818
522.0277770387319
