380.64419081341566
378.6304266695956
378.6304266695956
379.2413479566805
379.0646382874562
379.0646382874562
378.89312477267254
379.51152815164915
379.3481250777444
379.18992602652304
379.18992602652304
379.0369375140106
379.0369375140106
379.0369375140106
379.6656423749718
378.88916585196785
378.74661714660897
378.74661714660897
377.9735440477283
377.9735440477283
377.9735440477283
378.60929729735903
377.83858987668265
377.83858987668265
377.83858987668265
376.4306044943742
376.4306044943742
376.4306044943742
375.66075121045054
375.022665981671
375.022665981671
375.022665981671
373.61477486844655
373.61477486844655
372.9785516621566
372.9785516621566
372.9785516621566
372.9785516621566
372.9785516621566
372.34392703520757
372.34392703520757
372.34392703520757
372.4862413566439
372.4862413566439
373.2626421167808
373.41264038594085
373.41264038594085
373.41264038594085
374.1924638471491
374.1924638471491
374.1924638471491
374.97333238511777
374.97333238511777
374.97333238511777
374.97333238511777
375.7552394844282
375.7552394844282
375.7552394844282
375.7552394844282
375.7552394844282
376.3787985527346
377.1604433129222
377.1604433129222
377.1604433129222
377.1604433129222
377.1604433129222
377.1604433129222
377.1604433129222
377.1604433129222
377.1604433129222
377.1604433129222
377.1604433129222
376.3787985527346
375.7552394844282
374.97333238511777
373.5679322425842
371.5400382193015
370.1351104664349
370.1351104664349
368.11003789627904
367.4914965002592
366.87463798959993
365.47092907644515
364.85613603172413
363.6316817880422
362.41412775994263
361.80796011143815
361.20354372569494
360.20272070044115
360.41087663942665
359.8180095548304
359.672072866382
359.0891254271006
359.3229744950913
358.98746496221844
359.23529893372114
359.23529893372114
358.92199709686224
359.18379696194535
359.18379696194535
359.4509702309899
359.723504931218
359.723504931218
359.1684841407999
360.0013888862097
359.4495792180038
359.4495792180038
360.2846097184835
360.2846097184835
359.73601432161337
359.73601432161337
360.5731548521049
360.5731548521049
360.5731548521049
360.5731548521049
360.02777670618696
360.02777670618696
360.02777670618696
360.02777670618696
360.02777670618696
359.48435292791254
358.9428923937623
358.9428923937623
358.4034040016919
357.33037934102384
356.79686097273895
356.2653505464712
354.682957019364
354.1595685563218
354.4925951271761
352.94475488382034
352.432972350772
351.4157082431006
351.7740752244258
350.7720057245162
349.7785013404912
350.15567966263234
349.665554494577
349.08451698693256
349.48247452483224
349.0057306119772
348.47238054112694
348.89110048839024
349.77707186149297
349.74419223197975
350.1785258978626
349.72560672618755
350.16853085335924
351.5124464368225
351.5124464368225
352.865413436908
352.865413436908
353.76404565755405
354.22732813830163
354.22732813830163
354.22732813830163
355.12814588539726
355.12814588539726
355.12814588539726
355.12814588539726
356.02949316032795
356.02949316032795
356.02949316032795
356.02949316032795
356.02949316032795
356.02949316032795
356.02949316032795
356.02949316032795
356.02949316032795
356.02949316032795
356.02949316032795
356.02949316032795
355.59808773389096
355.59808773389096
355.59808773389096
355.59808773389096
355.59808773389096
355.59808773389096
355.1689738701848
353.41194094144583
352.98866837336294
352.5677239907249
352.1491161425796
351.7328531712669
351.31894341182345
350.90739519138094
350.90739519138094
351.0056979594491
350.6023388398885
351.1182137115647
351.63901945034485
352.1647341799005
351.7740752244258
353.23080273384994
353.23080273384994
353.7711124441904
354.3162429243119
354.3162429243119
355.24217092006404
355.7934794231058
355.7934794231058
355.7934794231058
356.72117963473937
357.64926953651116
357.64926953651116
359.13785653979727
359.13785653979727
360.068049124051
360.99861495579177
362.295459535446
362.295459535446
364.156559737704
365.08766070630213
365.08766070630213
366.0191251833707
366.0191251833707
367.3145790735783
367.3145790735783
367.3145790735783
368.2458417959394
368.2458417959394
368.2458417959394
368.2458417959394
368.2458417959394
368.2458417959394
368.2458417959394
369.17746410093883
368.81567211820055
368.81567211820055
368.81567211820055
368.81567211820055
368.4562389212591
369.0338737839658
368.6800781165155
367.97961900083544
368.57156699886656
368.57156699886656
367.8872109764078
368.4901626909462
368.4901626909462
368.765508148471
368.4358831601504
368.10867960427123
368.4087403957729
369.3561966449189
369.0379384290997
370.62110031675206
370.3093301552096
371.9032132154816
372.550667695013
373.503681374093
375.11065034200243
374.8132868509333
375.7685457831722
376.7240369288904
377.38706920084053
378.3437590340298
378.3437590340298
379.3006722904667
379.5918861092792
380.2578072834271
381.5049147783027
382.4617627946616
383.4188310451118
383.7095255528588
384.66608896548183
384.66608896548183
385.6228727656076
385.6228727656076
385.91449830240896
385.91449830240896
386.87077946001557
386.87077946001557
386.87077946001557
387.1640479176753
387.1640479176753
387.1640479176753
387.1640479176753
387.1640479176753
387.1640479176753
387.1640479176753
387.1640479176753
387.1640479176753
387.1640479176753
387.1640479176753
387.1640479176753
386.87077946001557
386.57987531686126
386.00518131237567
386.6807468700763
386.1217424595512
385.5723019097715
385.5723019097715
385.0324661635691
385.7304758506903
385.4672489330319
385.91449830240896
385.91449830240896
386.3741709793759
387.09301207849256
387.09301207849256
387.8156778677211
388.7852877874882
389.5125158451266
390.24351371931857
391.21477477211926
392.186180276664
392.92238419311263
392.92238419311263
393.89465596781076
394.8670662387533
395.8396139852604
396.8122981965151
398.0175875511031
398.989974811398
398.989974811398
399.96249824202266
400.1962018810274
401.1682938618155
402.1405227031964
402.1405227031964
403.3472449391467
403.3472449391467
404.31918084602415
404.5553114223072
404.5553114223072
404.5553114223072
405.52681785549026
405.52681785549026
405.52681785549026
405.52681785549026
405.52681785549026
405.52681785549026
406.4984624817171
406.4984624817171
406.4984624817171
406.2634613154375
406.2634613154375
406.2634613154375
407.003685486999
407.003685486999
406.77389296757974
407.52055162899455
407.2959611879303
407.2959611879303
408.0490166634396
407.82962128810607
408.8055772613676
409.56562355744654
409.35192683069175
410.3291361821629
411.0960958218893
412.0740224765449
412.84500723637194
412.84500723637194
413.61939026114334
414.59860105890374
415.5779108663019
416.35681812599154
417.3367944478416
419.2970307550484
419.2970307550484
420.277289417356
420.277289417356
422.2380844973603
422.2380844973603
423.21861962820117
424.19924563817887
424.19924563817887
425.17996189848833
426.16076778605515
426.16076778605515
426.16076778605515
427.3371034675084
428.3176391417939
428.3176391417939
429.29826461331055
429.29826461331055
430.27897926810226
430.27897926810226
431.06612021823287
431.06612021823287
431.06612021823287
432.0474510976775
433.0288673980062
432.83830699234557
433.82023926967724
433.63233274284335
434.6147719532782
434.6147719532782
435.22982434571276
436.21325060112514
436.8397875651896
437.8241656190302
438.46208501990225
439.2778164214533
440.096580309368
440.918359790109
441.58351418502934
442.57089827506735
442.4138334184409
444.2352980122133
444.08332551448046
445.0719043031137
446.75384721342914
446.75384721342914
447.5991510268982
449.29834186206386
450.2887962186046
452.133829745132
452.99116989186444
453.9823785126467
455.83439975499874
456.82600626496736
458.8093285886851
460.6658224787248
461.65788198621715
463.6421033512811
464.6342647717665
466.61868800981387
466.61868800981387
468.72806615350015
468.72806615350015
469.7201294387968
470.83861353971383
471.8304780321
473.9419795713395
474.9336795806337
474.9336795806337
477.0461193637361
478.0376554205746
478.0376554205746
480.15101790999046
482.1337988567074
483.125242561388
484.2478704134898
485.2391163127721
486.2303980624823
487.2217154438008
487.2217154438008
488.2130682396775
489.20445623481396
490.1958792156458
491.1873369703254
491.1873369703254
493.1703559623186
493.1703559623186
494.16191678436735
496.14514005480294
497.13680209777266
498.1284974783113
499.1202259977049
499.98499977499324
500.9770453823209
501.96912255635806
501.96912255635806
503.9533708588524
504.9455416181036
505.9377432056241
506.92997544039554
507.9222381428086
508.9145311346494
509.90685423908553
511.0234828263766
513.0077972116993
513.0077972116993
514.0
514.9922329511388
516.1094845088588
516.1094845088588
517.1015374179427
518.0936208833303
519.2119027911436
520.203806214449
520.331625023888
521.3233161867978
522.3150390329575
522.4442553995593
524.5579091006064
525.5492365135735
525.6814624846495
527.7973095801077
527.7973095801077
528.9234349128426
529.9141439893825
529.9141439893825
531.0414296455598
532.1700855929428
533.1603886261619
534.290183327375
535.2803004034429
536.4112228505292
536.4112228505292
537.4011537017761
537.5434866129438
538.5331930345612
539.5229374178637
539.5229374178637
540.5127195543135
541.6456406175536
542.6352366000572
542.6352366000572
543.6248706599064
544.6145425895272
545.6042521828437
546.7375970243861
546.7375970243861
547.727121840794
548.7166846378922
549.7062852105659
551.6855988695011
551.6855988695011
552.8191385977877
553.8086312075679
554.7981614965933
554.9432403408479
555.932549865539
556.9218975763118
558.0573447236404
558.0573447236404
559.0465096930666
560.0357131469385
561.1719878967588
562.3095233054479
563.2983223834418
563.2983223834418
565.4255034927236
565.4255034927236
566.4141594275341
567.5535217052221
568.5419949308933
569.5305084014376
570.6706580857299
570.6706580857299
571.6589892584565
572.647360947381
572.647360947381
573.7882884827818
574.7764782939538
574.7764782939538
576.9064048873092
576.9064048873092
577.8944540311838
577.8944540311838
578.8825442177368
579.0371317972622
580.0249994612301
580.0249994612301
581.0129086345672
581.0129086345672
582.1563363908358
582.1563363908358
582.1563363908358
582.3134894539195
583.4595101633017
583.4595101633017
584.4467469325157
584.4467469325157
584.6067054011611
585.5937158132762
585.7550682665922
585.7550682665922
586.9045919057032
586.9045919057032
587.0689908349784
588.0552695112934
588.2210468862875
589.207094322531
589.207094322531
589.3742444321774
590.3600596246328
590.5285767852391
591.5141587485459
591.6840373036947
591.6840373036947
592.669385070631
593.6547818387384
593.8257320123472
594.8108943185221
594.8108943185221
595.9681199527371
595.9681199527371
597.126452269534
597.126452269534
598.2858848410182
599.2703897240377
600.4306787631691
600.4306787631691
600.4306787631691
601.592054468807
601.592054468807
602.5761362682728
602.7545105596473
603.7383539249432
603.918040796928
604.901644897747
604.901644897747
606.0660030062733
606.2482989666858
606.2482989666858
606.4321891192782
606.4321891192782
607.6001974983221
607.7869692581439
607.9753284468046
608.1652735893426
608.3568032002272
608.3568032002272
609.7253480051489
609.9213063994404
610.1188408826595
610.1188408826595
610.5186319843154
611.7000899133496
611.7000899133496
611.7000899133496
611.9035871769343
612.1086504861698
612.1086504861698
612.3152782676584
612.5234689381298
612.7332209044977
613.9218191268332
613.9218191268332
614.1343501221862
614.1343501221862
614.1343501221862
615.3251173160413
615.3251173160413
615.5404129705863
616.516828642982
616.7333297301193
616.7333297301193
616.9513757177303
617.9271801757874
618.1464227834697
618.1464227834697
618.1464227834697
619.3423931881298
619.5643630810281
619.5643630810281
620.762434430435
620.762434430435
620.987117418711
621.2133288975696
622.1872708437548
622.4146527838175
623.6168695601491
623.8469363553852
625.2839355045035
625.2839355045035
626.7256177945816
626.9625188159177
627.2009247442162
627.4408338640385
627.6822444517608
627.9251547756309
628.1695630958253
629.3846200853656
629.6316383410224
629.8801473296329
630.1301452874636
631.3493486177047
631.3493486177047
631.6019315993262
631.8559962523107
632.1115407900729
632.6270623360971
633.5929292534759
633.852506502893
634.1135544995076
634.3760714276666
634.6400554645129
635.6044367371895
635.8694834633912
635.8694834633912
636.1359917501917
637.3672410784853
637.3672410784853
637.3672410784853
638.5992483553359
638.5992483553359
638.8693137097758
639.8320092024155
639.8320092024155
640.1031166929279
640.1031166929279
641.0655192724064
641.3376645730391
641.3376645730391
642.5729530566938
642.5729530566938
642.8475713573164
643.8089778808618
643.8089778808618
644.0846217695312
645.0457348126565
645.3224000451247
645.6004956627589
645.8800198179225
646.8400111310369
647.1205451845892
647.4025023121242
647.6858806551213
647.9706783489512
647.9706783489512
649.2149104880448
649.7907355449137
650.0807642131861
651.3286420847774
651.6210555223028
651.9148717432362
652.2100888517441
653.4615520441887
653.7591299553682
654.0581013946696
654.3584644520158
655.6134531871658
655.6134531871658
655.916153178133
656.2202374203343
656.2202374203343
656.5257039903312
657.4777562777314
657.7841591282053
657.7841591282053
657.7841591282053
658.0919388656877
659.3519545735797
659.3519545735797
660.6125944909013
660.6125944909013
660.9235961894536
661.8738550509455
662.1857745376293
663.1357327123912
663.4485662053992
664.7119676972877
664.7119676972877
665.0270671183241
665.9759755426618
666.2919780396579
667.557488161132
667.8757369451297
668.1953307229855
669.463217809612
669.7850401434777
669.7850401434777
671.3784327784144
671.7038037706799
672.0305052599919
672.3585353068703
672.6878919677387
673.9621651101788
674.293704553142
674.6265633667266
674.9607395989784
675.2962312940892
675.6330364924439
675.9711532306686
677.2510612763925
677.5913222584835
677.932887533862
678.6199230791858
678.6199230791858
679.9036696473994
680.2499540610054
680.2499540610054
680.5975315852975
680.5975315852975
680.9464002401364
680.9464002401364
681.2965580420909
681.2965580420909
682.5840607573547
682.5840607573547
682.5840607573547
682.5840607573547
682.9363074255168
682.9363074255168
682.9363074255168
682.9363074255168
682.9363074255168
683.2898360139715
683.2898360139715
683.2898360139715
683.6446445339859
683.6446445339859
683.6446445339859
684.0007309937614
684.0007309937614
684.0007309937614
684.0007309937614
684.358093398478
684.7167297503399
684.7167297503399
685.4378162897054
685.4378162897054
685.8002624671414
685.2328071538899
685.598278877653
685.9650136851004
685.7732861522094
685.7732861522094
685.5887980415083
686.3381090978411
685.7885971638782
686.1668893206667
686.5464296025433
686.3854602189647
686.7692480011026
686.2317392834581
686.6185258205608
686.0852716681798
686.475054171672
686.8660713705402
685.9460620194565
686.3388376013702
686.3388376013702
685.8141147570528
685.8141147570528
686.2098804301786
685.2919086053768
685.2919086053768
685.6894340734732
685.6894340734732
684.7722249040187
684.7722249040187
685.1715113750716
685.1715113750716
685.1715113750716
685.1715113750716
685.5720239332991
685.5720239332991
685.9737604311115
686.3767187193924
686.7808966475407
687.1862920635132
687.592902813867
688.0007267438023
688.8200055166807
688.320419572164
688.7336204948906
689.1480247377917
689.5636301314042
690.3984356876832
691.238019787685
691.6595983574579
692.0823650404625
692.5063176607127
692.0267335876556
692.4536085543926
692.8816637781664
693.3108970728788
692.8390866572122
693.7045480606279
694.1390350643018
693.6749959455076
694.1123828314836
693.6526508274873
693.6526508274873
694.0929332589404
693.195499119837
693.195499119837
692.7409328168792
693.1846795768066
692.7344368515254
691.8395767806292
692.2867902827555
692.2867902827555
691.3927971855073
691.3927971855073
690.9486232709347
690.9486232709347
690.5070600652828
690.5070600652828
690.5070600652828
689.1770454679987
689.1770454679987
689.1770454679987
688.7416061194502
688.7416061194502
687.8517282089215
687.4198135055462
687.4198135055462
687.878623014264
686.9905385083553
687.4510891692587
687.0262003737557
687.0262003737557
685.7186011768968
686.1843775546045
685.7674532959405
685.3531936162551
684.9416033502418
684.5326873130311
684.5326873130311
684.1264502999427
683.7228970862392
683.3220324268785
682.9238610562674
682.528387688014
682.1356170146813
680.8715003581807
679.9977941140692
679.6123895280309
679.2297107753753
677.9793507179994
676.7340688926486
676.7340688926486
675.4938933846848
674.6265633667266
673.3929016554897
673.0289741162709
672.164414410641
670.9411300553872
670.9411300553872
669.7230770997816
669.3705998921673
668.1616570860677
667.3027798533436
666.9580196684046
665.759716414263
664.9037524333879
663.7122870642067
663.3792278930657
663.3792278930657
662.7216610312356
661.8708333202181
661.5474283828787
661.2268899553314
661.2268899553314
660.0621182888774
660.0621182888774
659.748436906068
658.902875999187
659.4376392048
658.5931976569451
657.749192321815
658.2864118299875
657.4435336970013
657.1407763942213
656.2994743255551
656.8409244253893
656.0007621946792
655.1610489032448
655.1610489032448
654.8663985882922
654.0282868500414
653.190630673772
652.9012176432205
652.0651807910003
650.9454662258582
650.9454662258582
650.6642759518921
649.8315166256558
648.9992295835181
649.5544626896193
647.892738036166
647.6210311594274
646.7920840579297
646.5245548314465
645.6972975009265
645.4339625399333
644.608408260395
645.1736200434733
644.0931609635364
643.8400422465195
643.0186622486162
641.9501538281613
641.1310318491845
640.8876656638041
639.8312277468176
639.0156492606421
638.7808700955281
637.9670837903786
636.9246423243491
636.9246423243491
635.8883549806523
635.0787352761861
634.2696587414536
633.4611274577154
633.2432392059153
632.4365580831013
631.6304299192685
630.0198409574099
630.0198409574099
629.215384427304
627.6081580094383
627.6081580094383
626.8053924464913
626.0031948800262
625.0
624.2002883690459
623.4011549556193
622.6026019862107
621.0072463345335
620.2104481544953
620.0201609625287
620.0201609625287
617.6374340986789
616.8443888048265
616.662792780625
615.871739893949
615.6947295535346
614.7332754943399
614.7332754943399
613.7784616618605
612.993474679788
612.0473837865824
611.2650816135337
610.4834150081392
608.7692502089769
608.7692502089769
607.842907337085
607.842907337085
606.9233889050578
605.375916270213
604.6031756449845
604.4675342812052
603.6969438385455
602.9270270936609
602.1577866307136
601.3892250448124
600.6213449420525
600.6213449420525
599.8541489395568
598.4454862391394
597.6788435271906
596.9128914674234
595.503988231817
594.7385980411899
594.7385980411899
592.564764392889
591.8006421084722
591.8006421084722
590.391395601257
589.6278487317234
589.6278487317234
588.2184968189966
588.2184968189966
586.809168299201
586.809168299201
586.046073274107
584.6366392897387
583.8741302712426
583.8741302712426
583.112339090848
582.4645911984693
582.4645911984693
582.4645911984693
581.7026731931013
581.7026731931013
581.7026731931013
580.2930294256514
580.2930294256514
579.5317075018415
577.3612387405307
576.6012486979195
575.1912725346239
574.4318932649893
573.7813172280883
573.021814593476
571.611756352159
571.611756352159
570.2017186926045
568.7917017678792
567.3817057325695
565.2123494758408
563.8022703040491
562.3922118948661
561.7419336314497
560.9821744048558
559.5721579921575
558.9221770515104
557.5123317021786
556.7521890392529
555.3422368233844
554.6927077220323
553.2829294312269
552.5223977360556
551.8731738361632
551.1125111989384
550.4634411112149
549.0537314325438
549.0537314325438
549.0537314325438
546.9963436806502
546.2343819277581
545.5868400172424
545.5868400172424
544.9403637096449
544.9403637096449
544.9403637096449
543.5310478712324
543.5310478712324
543.5310478712324
541.3584764275886
539.949071672505
539.1864241614397
537.776905417107
537.1303380000054
535.7210094816144
535.7210094816144
534.9579422721005
534.1956570396281
532.786073391563
532.786073391563
531.376514347407
530.6147378277388
529.9669801034778
529.2050642236901
527.7954149099819
527.0341544909589
525.6243906060677
525.6243906060677
523.4539139217511
523.4539139217511
522.044059443262
521.283991697424
521.283991697424
519.8740232017753
519.8740232017753
518.4640778298917
517.8146386497779
517.0541557709405
516.4048799149753
514.9951456081892
514.9951456081892
513.5854359305762
512.937618039465
512.1757510855039
511.5281028447997
510.1186136576473
509.47227598761447
508.70915069418595
508.70915069418595
507.2997141729926
506.6537279049667
505.8903043150758
504.4809213439097
503.8352905464245
502.4261139709997
501.0169657806011
500.37286097469354
499.6078462154092
498.96392655180995
498.1987555183172
497.5550220829853
496.1461478234009
496.1461478234009
494.73730403113933
493.3284909672256
491.91970889566926
491.91970889566926
489.10223880084624
489.10223880084624
487.6935513209089
487.05235858170323
486.28489592007685
485.64390246352315
484.23547990621256
483.5959056898642
483.5959056898642
482.8270912034659
481.54958207852286
480.77957527332626
480.1416457671632
480.1416457671632
479.5049530505394
479.5049530505394
478.0972704377217
477.4620403759863
477.4620403759863
476.82806125478817
475.4208661806926
474.78837390989264
474.157146946031
473.5271903491921
473.5271903491921
472.8985091962122
472.8985091962122
472.27110858065413
471.64499361278075
471.64499361278075
471.64499361278075
470.3966411444708
470.3966411444708
468.99147113780225
468.369512244339
468.369512244339
467.748864242341
467.748864242341
466.3442934142113
465.72524088780074
465.1075144523038
463.7035691042285
463.7035691042285
463.0874647407334
462.47270189709576
461.06940909151626
461.06940909151626
459.66618322430463
459.66618322430463
458.2630249103674
457.65052168658127
456.2477397204286
456.2477397204286
455.6369168537598
454.23452092503936
454.23452092503936
452.83219850182917
452.2233961218725
451.42995026914195
450.8214724256155
450.21439337275746
449.6087187766714
449.6087187766714
448.20754121277344
447.6036192883163
447.0011185668331
446.4000448028651
445.6007181322759
445.0
444.40072007142385
443.80288417269213
443.2064981473083
442.61156785606045
442.61156785606045
442.01809917694544
441.42609800509075
441.42609800509075
441.42609800509075
440.8355702526737
440.8355702526737
440.028408173836
439.4382778047447
438.0410939626555
438.0410939626555
437.4528546026417
436.8661122128838
435.4698611844452
435.4698611844452
435.4698611844452
434.8850422812907
434.8850422812907
434.8850422812907
434.3017384261776
432.90645640831
432.90645640831
432.3251091481965
432.3251091481965
432.3251091481965
431.74529528415246
431.16702100230253
430.59029250553243
430.59029250553243
430.59029250553243
429.4414977619187
429.4414977619187
428.86944400365013
429.12119500206467
428.5533805723623
427.98714933979034
427.98714933979034
427.68680129272167
427.68680129272167
427.12644497853324
427.39794103388004
426.84189110254863
426.28746169691647
426.5688690000713
426.5688690000713
426.0187789288167
425.47032799009617
425.7616704213755
425.2175913576483
425.2175913576483
424.6751699828941
425.5161571550486
424.976469936866
424.4384525464204
424.4384525464204
423.90211134175775
423.90211134175775
423.3674526932839
422.5221887664599
421.98815149243234
421.4558102577303
420.9251714972627
420.396241657796
420.396241657796
419.86902719776793
418.4925327888181
417.44460710374494
416.92325432865937
416.40365032021515
415.88580163309257
415.88580163309257
415.36971483246106
414.85539649376625
414.34285320251394
413.83209155405046
413.32311815334015
412.8159396147392
412.8159396147392
412.31056256176606
412.31056256176606
411.80699362686886
411.3052394511891
411.3052394511891
410.8053066843222
410.8053066843222
410.8053066843222
410.8053066843222
411.17514516322603
411.17514516322603
411.17514516322603
411.17514516322603
410.6799240284336
410.6799240284336
410.6799240284336
411.05717363889903
411.05717363889903
410.5666815512433
410.5666815512433
410.07804135310636
410.07804135310636
409.59125967237145
409.59125967237145
409.10634314319793
408.6232984057566
408.14213210596137
408.54130758100825
408.06494581132546
407.5904807524337
407.1179190357506
406.6472672968552
406.1785321752
406.1785321752
405.7117203138209
404.7838929601819
404.32289076924644
404.32289076924644
404.7530111067736
404.7530111067736
404.2969205917849
403.8427911947915
403.8427911947915
403.3906295391602
402.94044224922374
402.94044224922374
402.94044224922374
402.94044224922374
402.49223594996215
402.49223594996215
402.49223594996215
402.04601726668056
402.04601726668056
401.6017928246835
401.6017928246835
401.6017928246835
401.1595692489461
401.1595692489461
400.7193531637822
400.7193531637822
400.7193531637822
400.7193531637822
401.1807572653504
401.1807572653504
400.7455551843339
401.6466108409232
401.21440652100216
402.1168984263158
402.1168984263158
402.5916044827562
402.16538886383546
402.16538886383546
403.0707133990263
403.55420949359456
403.133972768359
404.04207701673846
404.04207701673846
404.534300152657
404.534300152657
404.61957441527716
404.61957441527716
405.123437979093
405.6316062636145
405.6316062636145
406.14406311061595
406.14406311061595
406.6607923072988
406.6607923072988
407.1817775883395
407.7070026379238
407.31560245097415
408.2364510917662
409.1576713199937
408.7701065391157
409.6925676650725
410.23164188053556
410.23164188053556
410.77487751808775
410.77487751808775
411.3222580896881
411.3222580896881
411.8737670694748
411.8737670694748
412.8014050363685
413.35819817683546
414.28733989828845
415.21681083501426
415.21681083501426
415.7799898985039
415.7799898985039
416.71093098213777
417.6421913552317
417.6421913552317
418.21166889507043
418.21166889507043
419.1443665373543
418.78514777866707
419.71895358680194
420.65306369976673
421.2327147788975
421.2327147788975
421.81631073252726
421.81631073252726
422.7528828996912
423.3414697380827
423.3414697380827
424.8729221779143
425.8121651620583
426.4106002434742
427.3511436746133
427.95443682709964
428.896257852642
428.896257852642
429.5043655191411
431.3907741248067
431.3907741248067
432.00462960482264
433.8939962709786
434.8390506842733
434.5135210784585
435.4595273960601
436.4057744805859
437.0308913566637
437.97830996523106
437.97830996523106
438.60802546237113
439.55659476340475
439.55659476340475
440.1908676926408
441.1405671665212
441.1405671665212
442.0904884749275
442.7301661283089
442.7301661283089
443.68119184838116
443.3734317705561
444.3253312607779
444.3253312607779
444.9730328907585
445.92600283006595
445.92600283006595
446.8791783021447
447.532121752171
447.532121752171
448.4863431588525
449.4407636162968
450.0988780257067
451.0543204537564
452.0099556425721
452.9657823721346
452.9657823721346
453.6298050172629
454.58662540818335
454.58662540818335
455.25487366968406
456.2126697056977
457.1706464767833
457.1706464767833
457.8438598474375
458.8027898781785
458.5204466542359
459.48014102896764
459.48014102896764
459.48014102896764
460.16084144568407
460.16084144568407
460.84487628702135
460.84487628702135
461.53223072717253
461.53223072717253
462.22288995678264
462.22288995678264
462.22288995678264
463.18570789695144
462.9168391838862
463.88037250998235
463.88037250998235
463.88037250998235
464.8440598738463
464.5783034107383
465.5426940679018
466.244571013969
466.244571013969
466.244571013969
466.244571013969
466.94967608940476
466.94967608940476
467.91559067848976
467.91559067848976
468.62458322200723
469.5913116743111
469.5913116743111
470.3041569027431
470.3041569027431
471.27168385125793
471.27168385125793
472.2393460947531
471.98834731378696
472.95665763365673
472.95665763365673
473.67710520986765
474.6461840149987
474.6461840149987
475.6153908359148
475.6153908359148
476.34021455258215
477.31017169132275
477.31017169132275
478.28025257164865
479.2504564421405
479.0093944798995
479.9802079252852
480.95114096964153
480.95114096964153
481.92219289009716
483.86465049639656
483.86465049639656
484.59983491536605
485.5718278483627
486.5439342957633
486.5439342957633
487.516153578525
488.48848502293276
489.4609279605472
491.17512151980986
492.1483516176804
492.1483516176804
493.12168883552465
494.0951325402832
495.0686821038067
496.04233690280915
498.21782384816385
499.1913460788358
499.1913460788358
499.1913460788358
500.16497278398055
500.16497278398055
501.13870335467004
501.13870335467004
501.36713095295744
502.3405219569689
503.3140172894055
504.5166003215355
504.5166003215355
506.4632267006164
506.4632267006164
508.63936143401247
508.63936143401247
509.6125979604507
509.6125979604507
510.585937918388
511.78901903030317
512.7621280866987
513.7353404234519
513.7353404234519
514.7086554547145
515.6820725989998
516.6555912791422
516.6555912791422
517.4021646649732
518.376311187153
519.3505559831433
520.324898500927
520.324898500927
521.299338192559
521.0758102234262
522.0507638151677
523.0258119825445
524.0009541976045
524.0009541976045
524.9761899362675
524.9761899362675
525.9515186782903
526.9269399072323
526.9269399072323
527.9024531104208
528.8780577789175
528.8780577789175
529.8537534074851
529.8537534074851
530.8295394945537
532.024435529046
532.024435529046
532.024435529046
533.0
533.0
534.1956570396281
535.1710007091191
536.3674113888725
537.3425350742299
537.3425350742299
538.5396921304873
538.5396921304873
539.7378993548627
539.7378993548627
540.7124929202209
540.7124929202209
540.7124929202209
541.6871790987858
541.6871790987858
542.8858075138822
542.8858075138822
543.8602761739453
543.8602761739453
545.0596297654047
546.0338817326266
546.0338817326266
547.2339536249556
547.2339536249556
548.2079897265271
548.2079897265271
549.1821191553855
549.1821191553855
550.3825942015245
551.3565089848854
552.5576892958779
553.531390257138
554.7332692384692
555.7067572020337
555.9361474126323
556.9093283470838
558.11289180595
559.3174411727208
559.3174411727208
561.4953250028
562.7015194576961
563.9086805503175
564.8805183399406
566.325877918359
566.325877918359
567.5359019480618
568.7468681232451
568.9885763352372
570.2017186926045
570.4463164926215
571.6616131943791
571.9090836837618
573.1265130841532
573.3768394345904
573.6287998348758
574.5963800790952
574.8495455334378
576.0711761579466
576.0711761579466
576.3271640309869
577.5508635609508
577.5508635609508
577.8096572401677
577.8096572401677
579.0354047897245
579.0354047897245
579.0354047897245
580.2620097852349
580.2620097852349
580.5247626070743
581.4894668005604
581.7533841758035
582.01890003676
582.01890003676
582.01890003676
582.2860121967555
583.2495177880561
583.5177803632037
583.7876326199452
584.0590723548432
584.3320973556048
584.6067054011611
585.1606616989901
586.400034106411
586.680492261333
587.2461153553934
587.5312757632568
587.8179990439218
588.1062829115159
588.3961250722169
589.6439603693062
589.9364372540485
590.2304634632137
590.5260366825497
590.8231545902717
590.8231545902717
591.121814857141
591.4220151465449
592.3757253635567
592.6769777880696
592.6769777880696
592.9797635670209
592.9797635670209
593.284080352743
593.284080352743
593.284080352743
594.2364849115207
594.5418404115895
594.5418404115895
595.8003021147271
595.8003021147271
595.8003021147271
597.0594610254493
597.0594610254493
597.3683955483417
598.3193127419505
598.6292675771875
599.8908234003917
599.8908234003917
601.1530587130036
601.4665410477959
601.7815218166805
602.097998667991
603.0464327064708
603.3639034612528
604.6304656565032
604.9504111908677
605.2718397546676
606.5410126281652
606.8648943545837
607.1902502511055
607.517077949254
608.789783094296
608.789783094296
610.3933158218559
610.3933158218559
610.7249790208356
611.0580987107527
612.0008169929188
612.3348757011967
613.6122554186805
613.6122554186805
613.9486949249098
613.9486949249098
615.2276001611111
615.5664058409945
615.906648770737
616.8468205316454
617.1879778479163
617.5305660451149
617.5305660451149
617.8745827431325
618.8133805922429
619.5046408220038
619.5046408220038
619.8524017861026
620.2015801334272
621.4885356947464
622.1928961343098
622.5471869665785
622.9028816757874
623.6184731067545
623.978365009557
624.3396511515186
623.7707912366529
624.5014011193249
625.237554854153
625.607704556138
625.9792328823696
625.424655734006
626.1756941945288
626.5532698821386
626.3880586345816
626.7702928505786
627.1538886110809
627.5388434192739
628.3128201779747
628.3128201779747
629.092203099037
629.092203099037
628.5642369718469
628.9578682233016
629.3528422117437
629.7491564107092
630.1468082915283
630.5457953233849
630.9461149733787
631.3477647065839
631.7507419861096
632.1550442731593
632.1550442731593
632.9676137054723
633.8809036404236
634.6975657744404
634.6975657744404
635.107864854467
635.107864854467
635.5194725576864
635.9323863430766
636.3466036681582
636.3466036681582
636.7621219890517
636.7621219890517
637.1789387605337
637.1789387605337
636.6890921006893
637.1090958383816
637.1090958383816
637.1090958383816
637.5303914324398
637.5303914324398
637.5303914324398
637.9529763234905
637.9529763234905
637.4715679934283
637.4715679934283
637.8973271616679
638.3243689535909
637.8495120324229
637.8495120324229
638.2797192454104
637.8095326976542
638.2429004697193
637.7773906309317
638.6517047655944
637.7530870172249
637.7366227526846
638.1794418500176
637.2832965016422
637.7279984444779
637.2793735874401
637.7272144106757
637.2832965016422
636.3906033247191
635.9504697694624
636.4039597614081
635.513178462886
635.0787352761861
635.0787352761861
635.0787352761861
634.6471460583432
634.6471460583432
633.7586291325745
634.2184166357833
633.3308771882198
632.4436733812744
632.9059961795274
632.019778171538
632.483991892285
631.5987650399579
631.5987650399579
631.1806397537871
630.7654080559586
630.7654080559586
630.353075664742
629.9436482733992
629.5371315498396
629.1335311362764
629.610991009528
629.692782235909
629.2988161438094
628.9077833832239
628.5196894290584
627.6463972652117
628.1345397285521
626.8811689626672
626.5029928100903
626.1277824853327
625.2591462745667
624.8879899630012
624.8879899630012
624.5198155383061
623.6537500889416
623.2896597890904
622.4250958950804
622.0651091324766
621.2020605245929
621.2020605245929
620.8461967347469
619.9846772300102
620.4933520997627
619.632955869844
618.7729793712715
618.4254199173898
618.0809008536019
618.0809008536019
617.7394272668695
616.883295283638
616.5460242350119
615.691481181931
615.3584321352881
615.028454626288
614.1766846763234
613.8509591097826
613.0008156601425
612.6793614934323
611.8308589798328
612.3610046369706
612.3610046369706
611.5136956765564
611.1996400522501
610.3539956451501
609.5088186400587
608.6641109840467
607.8198746339248
606.9761115562951
606.1328237276051
605.2900131342
604.4476817723764
604.4476817723764
602.7644647787392
601.92358318976
600.2432840107417
600.2432840107417
598.5649505275096
597.7265260970104
596.0511722998286
596.0511722998286
594.3778259659423
594.3778259659423
592.7065040979388
592.7065040979388
591.8716076988319
591.0372238700368
589.9237238830118
589.0916736807608
588.2601465338273
588.2601465338273
586.5986703019365
586.5986703019365
585.768725692999
585.768725692999
584.9393130915378
583.5511974111612
582.722060677301
582.722060677301
581.8934610390462
581.0654007940931
581.0654007940931
580.2378822517537
579.4109077330181
578.021625893011
578.021625893011
577.1949410727714
576.3688055403416
575.5432216610669
574.1532896361389
573.3280038511986
573.3280038511986
572.5032750998024
571.6791057927516
570.2885234686036
569.4646608877499
567.8186330158601
567.8186330158601
566.4274004671737
565.6049858337531
565.6049858337531
564.7831442244005
563.961878144259
563.1411901113255
561.749054293819
560.9286942205756
560.9286942205756
559.5364152582029
559.5364152582029
558.1442465886395
557.3239632386176
557.3239632386176
556.7521890392529
556.7521890392529
555.3602434456395
555.3602434456395
554.5394485516788
553.9684106517266
552.5766915098754
551.185086880986
549.7935976346032
549.7935976346032
548.4022246490252
547.8339164381847
546.4430436925701
546.4430436925701
545.8763596273427
544.4859961468247
543.0957558294854
541.7056396235874
540.8807632001715
540.3156484870673
538.9257833876572
537.5360453030104
536.7103501890009
536.1464352208266
534.7569541389807
533.9307071146967
532.5410782277739
532.5410782277739
531.1515791184283
529.7622108078302
528.9357238833467
528.9357238833467
527.5462065070699
526.1568207293335
525.3303722420778
524.767567595407
523.3784481615573
522.5514328752721
521.1621628629615
521.1621628629615
518.946047292009
518.3840275317132
516.9951643874438
516.9951643874438
515.046599833452
514.2178526655798
513.6584468301869
512.2704363907799
511.71281008002916
510.3253863957779
510.3253863957779
508.9381101862976
508.9381101862976
506.99605521147794
506.99605521147794
505.609533137974
505.0564324904693
504.5047076093542
503.6705272298549
503.11927015370816
502.5693981929262
501.7339932673488
501.1845967305859
501.1845967305859
499.799959983992
499.799959983992
498.4154893259237
498.4154893259237
497.8684565224031
497.03118614429013
496.4846422599595
495.6470518423367
495.1009997970111
494.2630878388553
492.87929556839777
492.87929556839777
491.4956764814926
491.4956764814926
490.9511177296575
489.56817707036475
489.0255617040892
488.18541559534526
487.64331226830126
486.26124665656835
485.7211133973898
484.3397567823645
483.801612233775
483.801612233775
482.420977984996
481.88484101494623
479.97083244713946
478.5916840063145
477.5290567075474
475.6227496661614
475.6227496661614
474.57033198462796
474.57033198462796
473.5240226218729
473.5240226218729
473.33920184155465
472.8223767970378
472.65209192385896
473.0010570812712
473.3539901595845
473.2071428032337
473.57048049894325
473.07081922266144
473.44059817468127
472.9450285181143
473.32124397706895
473.32124397706895
473.70138272966864
473.70138272966864
473.212425872356
473.212425872356
472.72507866623704
473.598986485402
473.1141511305702
473.1141511305702
472.6309342393915
472.1493407810711
472.1493407810711
471.1910440575033
471.1910440575033
471.59410513703415
471.1199422652367
469.7073557013984
469.239810757783
468.30972656992725
467.8471972770597
467.8162032251555
467.3596045873028
466.45149801453096
466.892921342785
465.9967811047626
466.44721030358835
466.00429182572987
466.4611452200494
466.02253164412554
466.92183500024925
466.4857982832918
467.38634982207174
466.95288841595146
467.8546782923091
467.4237905798121
468.32680896997556
468.8027303674756
468.8027303674756
468.8027303674756
469.7073557013984
469.282430951767
470.1882601682011
470.1882601682011
469.7658991455212
469.7658991455212
469.34528867348826
470.2531233282773
469.4187895685472
469.4187895685472
469.00426437293726
468.5915065384775
468.1805207395968
467.7713116470483
467.3638839277164
467.3638839277164
466.9582422444217
467.46978511985134
467.06851745755677
467.06851745755677
467.5863556606416
467.18946905939566
468.10789354592174
467.7135875725656
468.6331187613611
468.2413907377262
469.1620189231008
469.1620189231008
469.69458161660754
469.69458161660754
470.6166167912051
470.6166167912051
471.53896975753764
472.4616386543991
472.0773241747585
473.0010570812712
473.92509956743163
473.92509956743163
473.92509956743163
474.8494498259422
474.8494498259422
474.8494498259422
475.77410606295086
475.3945729601885
475.3945729601885
476.3202704063727
476.3202704063727
475.9432739308331
476.8700032503617
476.49554037787175
477.4232922679831
477.4232922679831
478.909177193338
478.5404894050241
479.4705413265762
480.0354153601586
480.96673481645274
481.53608379850414
481.53608379850414
482.468651831391
482.1089088577393
483.0424411995285
483.97623908617663
484.55443450658873
485.4894437575342
486.42471154331787
486.42471154331787
487.00821348309927
487.00821348309927
488.8813762049031
488.8813762049031
489.47012166219093
490.40799340956914
491.34611019117676
491.34611019117676
492.284470606173
493.2230732640151
493.2230732640151
494.16191678436735
495.1009997970111
496.0403209417557
496.97987886835017
497.5791394341206
497.5791394341206
498.51980903470627
499.4607091653957
501.3431958249758
501.00698597923764
501.94920061695484
502.8916384272063
503.50173783215484
503.50173783215484
505.3889591196072
506.0039525537325
506.9487153549164
507.8936896634964
508.83887430108956
509.7842680977906
510.72986989209863
510.72986989209863
511.6756785308444
512.6216928691176
513.5679117701961
514.8378385472458
515.7838694647206
516.7301036324476
518.0
518.946047292009
520.838746638535
522.1082263286032
523.0544904692053
524.0009541976045
524.0009541976045
526.2166854063067
526.2166854063067
528.1098370604358
528.1098370604358
530.0037735714718
530.0037735714718
530.9510335238081
531.8984865554704
532.8461316365166
532.8461316365166
533.7939677441101
534.7419938624607
534.7419938624607
535.6902089827664
535.6902089827664
536.6386121031546
537.5872022286245
537.9042665753824
538.8524844519138
538.8524844519138
540.1185055152249
540.1185055152249
541.0665393461326
541.3852602352598
541.3852602352598
542.65274347413
543.9209501388966
544.2435116746915
544.2435116746915
545.8388040438313
545.8388040438313
546.1657257646254
546.4942817633136
547.768199149969
547.768199149969
548.0994435319196
548.4323112290158
548.4323112290158
548.7667992872747
550.0445436507847
550.3816857418132
550.3816857418132
550.7204372456138
551.6611278674618
552.0009057963583
552.0009057963583
552.3422851819332
553.2820257337121
553.6244214266563
554.9071994487006
556.1906148075495
557.1292489180585
557.4746631013826
558.7593399666802
559.1073242231763
559.8080028009604
561.0962484280215
561.4499087184894
561.8051263561058
562.1618983887115
562.8800938032895
563.6044712384742
564.3350068886388
563.7730039652484
564.8867143065058
565.261001662064
565.0884886458049
565.8489197656916
566.2314014605689
566.6153898368805
567.387874385768
567.7763644252902
568.1663488803257
568.5578246757317
568.9507887330855
569.3452379707763
569.3452379707763
569.7411693040973
569.7411693040973
570.138579645335
570.5374659038615
570.5374659038615
570.5374659038615
570.9378249862239
570.9378249862239
570.9378249862239
571.3396537962335
571.3396537962335
571.7429492350561
571.7429492350561
572.1477082013
572.5539275911048
573.370735214137
573.7813172280883
573.2826527987743
573.6967840244531
574.1123583411178
574.5293726172754
574.0400682879201
574.8825967099717
574.4005571027939
573.9215974329595
573.9215974329595
574.3491969176939
574.7782180980765
574.306538357348
573.4047436148396
573.372479283755
572.4727067729955
572.9101151140552
572.0113635234881
571.5531471350674
571.9947552207101
571.0980651341764
570.6461250197008
570.6461250197008
570.1973342624464
570.1973342624464
569.3030827248347
569.7517003046152
568.8585061331157
569.3092305592805
568.4171003761235
567.9788728465171
567.9788728465171
567.5438309064772
567.1119818871755
566.2234541238997
565.3352987387219
564.0221626851201
564.0221626851201
562.7148478581314
561.8300454763878
560.5301062387283
560.5301062387283
558.7647089786541
558.3547259583283
557.4737661989127
556.5932087260857
555.7130554521821
554.8333083007905
553.9539692068286
552.5984075257546
552.1231746630457
551.2431405468915
549.8881704492287
548.5334994328058
546.7065026136053
544.0
543.5301279598032
540.8262197785903
540.3591398320195
539.0083487294052
537.6578837885668
536.3077474734073
534.9579422721005
534.9579422721005
533.6084706973832
533.1463213790375
531.7978939409219
531.7978939409219
530.449809124294
529.5620832348177
528.2139717955215
527.3262747104491
526.8662069254394
525.9781364277417
525.0904683956851
523.7423030460686
523.7423030460686
522.3944869540643
522.3944869540643
521.5064716760473
521.5064716760473
520.1586296506096
520.1586296506096
520.1586296506096
520.1586296506096
518.8111409752107
518.8111409752107
518.8111409752107
518.8111409752107
518.8111409752107
518.8111409752107
518.8111409752107
518.3531614642666
518.3531614642666
518.7870468699078
518.7870468699078
518.7870468699078
518.3329046086116
518.3329046086116
518.3329046086116
518.3329046086116
518.3329046086116
517.880295048962
518.7725898695883
518.7725898695883
518.7725898695883
518.7725898695883
518.3222935587471
518.3222935587471
518.3222935587471
518.3222935587471
518.3222935587471
518.3222935587471
518.3222935587471
518.3222935587471
518.3222935587471
518.3222935587471
