383.7512214964273
379.75913418902775
379.75913418902775
379.75913418902775
378.35036672375514
377.58442764499705
377.58442764499705
376.9416400452463
376.1754909613331
376.1754909613331
376.1754909613331
376.1754909613331
377.46523018683456
377.46523018683456
377.46523018683456
378.87464945546304
378.87464945546304
378.87464945546304
378.87464945546304
379.63798545456433
379.63798545456433
379.63798545456433
380.4024184991468
380.4024184991468
380.4024184991468
380.4024184991468
381.1679419888299
381.1679419888299
381.1679419888299
380.52595180880894
380.52595180880894
380.52595180880894
380.52595180880894
380.52595180880894
380.52595180880894
380.52595180880894
380.52595180880894
380.52595180880894
380.52595180880894
380.52595180880894
379.75913418902775
379.75913418902775
378.9934036365277
378.9934036365277
378.9934036365277
378.22876675366723
378.22876675366723
378.22876675366723
377.58442764499705
377.58442764499705
377.58442764499705
377.58442764499705
377.58442764499705
377.58442764499705
377.58442764499705
377.58442764499705
377.58442764499705
377.58442764499705
377.58442764499705
377.58442764499705
377.58442764499705
377.58442764499705
377.58442764499705
376.9416400452463
376.9416400452463
376.9416400452463
377.7088826066975
377.7088826066975
377.83858987668265
377.83858987668265
378.60929729735903
378.60929729735903
377.9735440477283
377.9735440477283
378.74661714660897
378.74661714660897
378.74661714660897
379.5207504208433
379.5207504208433
379.5207504208433
379.5207504208433
379.5207504208433
378.88916585196785
378.88916585196785
378.88916585196785
378.2591704109763
378.2591704109763
378.2591704109763
378.2591704109763
377.63077205121937
376.3787985527346
375.7552394844282
375.13330963805384
373.89437011006197
373.2773767588923
372.0483839502599
371.43640101637857
370.8261047984621
370.2175036380641
369.80265007162944
369.2004875403065
369.2004875403065
368.80347069950415
368.2078217528791
367.6139279189514
366.6524239658044
366.06693377031473
365.7157366042648
365.95354896489255
365.37788657771836
365.0534207482516
364.4845675745408
364.7423748346221
365.0054794109261
365.0054794109261
364.44478319767455
364.71632812365283
365.54753452868476
364.99315062066574
365.2752386899501
365.2752386899501
365.2752386899501
365.5625801418958
365.8551625985343
365.8551625985343
365.3121952522253
365.3121952522253
366.15297349605123
365.6131835697395
365.9193900300994
365.9193900300994
365.3847287449217
365.6993300513415
365.6993300513415
365.1698235068172
364.6422904710862
365.4928179868929
364.9684917907298
364.44615514503647
363.9258166165187
363.7485395159684
363.23546082396746
362.7244132947216
362.5713722841339
362.067673232505
361.56603822815
362.30650007969774
361.8134878635676
362.19469902250086
362.0966721747108
362.01243072579706
361.53561373673824
362.3534186398688
362.7698995230999
361.8425071768103
362.70373585062504
363.14184556451215
363.1377149236912
364.04532684818247
364.97260171141613
365.44356609468446
366.824208579532
367.3064115966396
368.2132534279558
369.6106059084344
370.1053903957628
370.1053903957628
371.51715976519847
371.51715976519847
373.34300582708124
374.256596468252
373.8515748261601
374.7665940288702
374.7665940288702
374.7665940288702
375.6820464169136
375.6820464169136
376.5979288312669
376.5979288312669
376.5979288312669
376.5979288312669
376.5979288312669
377.5142381420865
377.5142381420865
377.5142381420865
377.5142381420865
377.5142381420865
377.5142381420865
377.5142381420865
377.5142381420865
377.5142381420865
377.11536696347974
377.11536696347974
377.11536696347974
376.3243282064023
375.9321747336878
374.2325480232846
373.84622507121827
374.7692623468472
374.0053475553525
373.62681916586234
373.62681916586234
372.87665520919916
372.87665520919916
372.50503352303843
372.1357279273249
372.6996109469394
372.6996109469394
371.9744614889576
372.90749523172633
372.5493255932696
373.1286641361127
372.77607219348187
373.7124563083227
373.3630940518894
373.9545426920229
373.9545426920229
374.2098341839776
375.150636411562
375.7552394844282
376.36418533117626
376.36418533117626
376.9774529066692
377.9219496139381
377.59502115361636
378.540618692367
379.16355310076943
379.16355310076943
379.7907318511077
379.7907318511077
380.7387555792029
381.3712102401019
381.3712102401019
382.0078533224154
382.0078533224154
382.0078533224154
382.95822226451804
382.6486639203122
382.6486639203122
383.6000521376398
383.29362113137233
384.2460149435515
383.9427040588218
383.64175997928066
384.5958918137322
384.2980614054669
384.0026041578364
384.66608896548183
384.37611788455325
385.0467504083108
384.7622642619726
384.4801685392889
384.8843982288708
385.5723019097715
385.9961139700761
385.7304758506903
386.17224136387637
386.88111869151743
387.3422259449646
388.0618507403169
388.54214700595867
389.5125158451266
389.27239819951274
390.97826026519687
391.71673438851195
391.71673438851195
393.4323321741618
394.4058823090751
394.17889339740145
395.9040287746514
396.8790747822314
396.8790747822314
398.61008517096
399.58603579204316
400.5621050473946
401.32281270817384
402.2996395722969
402.2996395722969
403.2765800291408
404.2536332551632
404.2536332551632
405.2307984346698
405.2307984346698
406.20807475972214
406.20807475972214
407.18546143004664
408.1629576529453
408.1629576529453
407.9534287146022
408.93153461184676
408.93153461184676
409.90974616371346
409.90974616371346
409.7035513636659
410.68235900754246
410.68235900754246
411.45838185653724
411.45838185653724
411.257826673244
411.257826673244
411.257826673244
412.0400465974151
412.82562904936026
412.6330088589617
413.42472107990835
414.2197484427801
414.2197484427801
415.0180718956706
415.81967245429837
415.6404696369207
416.44807599507527
416.44807599507527
417.25891242728414
417.25891242728414
418.07296013973445
418.07296013973445
419.0584684742691
418.890200410561
419.8761722222398
420.69704063613284
420.69704063613284
421.68353062456686
422.5079880901662
422.5079880901662
423.4949822607111
424.4820373113567
425.46915281839176
425.46915281839176
425.46915281839176
427.4435635262274
427.4435635262274
428.43085789891467
429.4182110716778
430.4056226398535
430.4056226398535
431.3930922024598
431.3930922024598
431.3930922024598
432.3806193621541
433.36820372519253
433.36820372519253
434.35584490138956
435.343542504078
435.343542504078
436.3312961500699
436.3312961500699
437.31910545961745
437.31910545961745
437.31910545961745
438.306970056375
439.2948895673611
439.2948895673611
440.12952638967545
441.1178980726128
441.1178980726128
441.955880150949
441.955880150949
441.955880150949
442.7967931229855
443.78598445647197
443.78598445647197
444.6301834108881
444.6301834108881
445.47727214752496
446.4672440392464
446.4672440392464
448.3079298874826
448.3079298874826
449.29834186206386
450.2887962186046
451.1429928525988
452.133829745132
453.1247068964569
454.1156240430404
454.9736256092214
455.96491093065487
456.9562342281808
457.94759525517765
458.93899376714546
459.9304295216832
460.792795082562
461.91341179922455
462.9049578477206
463.89654018972806
463.89654018972806
465.87981282729993
465.87981282729993
466.871502664277
467.9925213077662
467.9925213077662
468.9840082561451
470.1063709417263
471.0976544199727
472.08897466473417
473.212425872356
474.2035427957071
475.19469694010684
475.3283075938146
476.3192206913343
476.3192206913343
477.31017169132275
477.31017169132275
478.3011603581994
479.42674101472477
479.42674101472477
480.417526741063
481.40835057152884
481.40835057152884
483.39011160759173
483.39011160759173
483.39011160759173
484.38104834933415
484.38104834933415
485.3720222674562
485.3720222674562
486.3630331347151
486.3630331347151
487.3540807257081
487.3540807257081
488.4792728458394
488.4792728458394
489.47012166219093
490.4610076244594
490.4610076244594
491.5872252205096
492.5779126189074
493.56863757738904
494.6958661642525
495.68639279286253
495.68639279286253
497.6675597223512
498.7955492985077
499.7859541843888
500.77639720737636
500.77639720737636
501.9053695668139
502.8956154113893
503.88589978287746
504.8762224545735
506.0059288190209
506.99605521147794
507.98622028555064
507.98622028555064
508.9764238154848
509.9666655772708
509.9666655772708
510.9569453486272
511.94726290898365
512.0869066867459
513.0769922730896
513.0769922730896
513.0769922730896
514.0671162406715
515.0572783681442
515.1980201825314
516.1879502661797
516.1879502661797
517.1779190955468
518.3097529470191
518.3097529470191
519.2995282108391
519.2995282108391
520.2893425777622
521.4220938932297
521.4220938932297
522.4117150294392
523.545604508337
523.545604508337
523.6917031995065
524.6808553778192
524.6808553778192
525.8174588200737
526.9554060829056
527.9441258315126
528.9328879924182
529.0831692654757
529.0831692654757
530.2235377649695
530.2235377649695
531.2118221576022
532.3532661682466
532.3532661682466
532.5082158990601
533.6525086608326
533.6525086608326
533.6525086608326
534.7980927415505
534.7980927415505
535.9449598606185
535.9449598606185
535.9449598606185
536.1063327363332
537.093101798934
537.2559911252736
537.2559911252736
537.2559911252736
538.2425103984262
538.2425103984262
539.2290793345626
539.3931775616003
540.3794962801605
540.3794962801605
540.5450952510807
541.5311625382236
541.5311625382236
542.5172808307584
542.5172808307584
542.6840701550028
543.6699366343518
543.6699366343518
544.6558546458489
544.6558546458489
545.8094905734051
545.8094905734051
546.7952084647414
546.7952084647414
547.9498152203357
547.9498152203357
548.9353331677603
548.9353331677603
548.9353331677603
548.9353331677603
548.9353331677603
550.0909015790027
550.0909015790027
551.0762197736353
552.0615907668274
552.0615907668274
553.0470142763633
553.0470142763633
553.2178594369491
554.2030313883171
554.3753241261736
554.3753241261736
555.3602434456395
555.3602434456395
556.5186429941049
557.6782226338051
558.8389750187437
560.000892856431
560.000892856431
560.180328108726
561.3448138176748
562.5104443474805
563.6772125960034
563.8625719091488
565.0318575089373
566.202260680757
566.202260680757
567.3737745084804
568.5463921264474
569.72010671908
570.8949115205004
572.0707998141489
573.0514811079368
574.228177643696
575.2086577929787
575.2086577929787
577.3664347708481
577.5647149887188
579.5248053362341
581.6837628815163
581.6837628815163
583.8433008950261
583.8433008950261
584.8230501613288
586.0034129593445
586.0034129593445
586.9829639776609
588.1640927496339
589.1434460299122
589.3462479731248
590.3253340320065
591.5082417008236
592.692162931146
592.692162931146
593.8770916612292
595.0630218724737
596.0411059650165
597.2277622482063
598.4154075556544
598.4154075556544
599.8166386488457
600.7936417772745
601.0074874741579
602.1993025568861
602.415969243844
603.6099734099827
604.8049272286065
604.8049272286065
606.0008250819466
606.2227313455014
606.2227313455014
607.6454558375303
608.6197499260109
608.6197499260109
608.8456290390857
610.0467195223657
610.0467195223657
611.4785360092372
612.4516307431959
612.6826258349424
613.6554407808994
613.6554407808994
613.8876118639307
614.8601467000443
615.0934888291373
615.0934888291373
616.3002515008411
616.3002515008411
616.5362925246169
617.5078946863756
617.5078946863756
618.4795873753636
618.7164132298415
618.7164132298415
618.7164132298415
619.6878246343073
619.6878246343073
619.6878246343073
620.896931865507
620.896931865507
621.1360559490972
622.347169994369
622.5889494682667
623.5591391359765
623.8020519363495
624.771958397622
626.2307881284663
626.477453704441
627.4464120544479
627.6941930590086
628.9117585162485
629.1621412640783
629.4140131900465
630.3816304430198
630.6346010171025
631.1449912658738
632.1115407900729
632.6270623360971
632.6270623360971
634.1135544995076
634.3760714276666
634.6400554645129
636.1359917501917
636.1359917501917
636.4039597614081
637.6362599476288
637.6362599476288
638.1786583708358
638.4520342202694
639.4137940332536
639.6882053000509
639.9640614909559
641.2019962539106
641.2019962539106
641.2019962539106
642.4406587382215
642.72000124471
642.72000124471
643.6800447427278
643.9604025093469
644.9201500961185
645.2015189070776
645.2015189070776
646.4433463189175
646.4433463189175
646.7271449382653
647.6858806551213
647.9706783489512
647.9706783489512
649.2149104880448
649.5021170096369
650.7480311149624
650.7480311149624
651.9946318797417
652.2852136910662
652.2852136910662
653.5334727464233
653.8264295667467
653.8264295667467
655.3716502870718
655.3716502870718
655.6683612925059
657.2199023158079
657.2199023158079
658.4739934120405
658.7753790177651
659.0781440770131
659.3822866895956
659.3822866895956
659.6878049501901
659.9946969483922
659.9946969483922
660.3029607687671
660.3029607687671
660.6125944909013
660.9235961894536
660.9235961894536
661.2359639342071
661.8647898173765
661.8647898173765
662.4990566031018
662.818225458534
663.1387486793393
664.7300203842159
664.7300203842159
665.3795909103314
665.3795909103314
666.03453363921
667.6383751702714
667.9700592092433
668.637420430535
668.637420430535
670.251445354652
670.5892930848211
671.8690348572406
672.209044866253
672.5503698608752
673.8323233564861
674.1757930985063
674.1757930985063
675.8047055177997
676.1516102177085
676.4998152253997
677.786101952526
678.136416954583
678.4880249495933
678.8409239284267
679.7764338368902
680.4851210717248
680.841391221186
681.1989430408711
681.1989430408711
682.4910255820218
682.8506425273392
682.8506425273392
682.8506425273392
683.2115338604874
683.2115338604874
683.5736975630352
683.5736975630352
683.9371316137178
683.9371316137178
683.9371316137178
684.301833988482
684.6678026605312
684.6678026605312
685.0350356003698
685.0350356003698
686.3330095514859
686.7022644494483
686.7022644494483
687.0727763490561
687.4445432178511
687.8175630208929
688.191833720802
688.5673532778039
688.9441196497725
689.7013846586071
689.1574566091555
689.9231841299436
690.3079023160607
691.0810372163311
691.4694497951446
691.8590896996295
691.7224877073174
692.1163197035596
692.9076417532137
692.3878970634886
692.7871245916742
693.5892156024343
692.6738049038667
693.4817950025797
692.9740254872472
693.3815688349381
693.7903141439782
693.288540219727
692.7892897555504
692.7892897555504
693.2027120547062
692.7077305761788
692.2152844310793
692.2152844310793
691.3067336573541
691.7253790341945
690.8176315063188
691.238019787685
691.238019787685
690.3310799898843
690.3310799898843
690.7532120808415
690.7532120808415
690.7532120808415
690.2709612898401
690.2709612898401
690.6960257595232
689.7912727774975
689.7912727774975
690.2180814786005
689.7427056518974
689.7427056518974
690.1724422200585
690.1724422200585
690.1340449506893
690.5678822534393
691.0028943499441
690.5396440465963
690.9775683768613
691.8569216246955
691.4014752659991
691.8446357384005
691.8395767806292
692.2867902827555
691.841744909918
692.7430981251275
691.8511400583221
692.7582550933623
691.8677619314258
691.8916100083885
691.8916100083885
691.4622187798839
691.0354549514808
691.0354549514808
691.0752491588742
691.0752491588742
690.6554857524843
690.2383646248592
690.2383646248592
689.82389056918
690.2941402040148
689.4120683597002
688.5303188676588
689.0029027515051
689.0029027515051
688.5963984802709
687.7165113620582
687.3136110975834
687.3136110975834
687.791392792902
686.9133860975487
686.9133860975487
686.5158410408313
686.5158410408313
686.9970887856804
686.1209805857856
687.0880584029968
686.6993519728994
686.6993519728994
687.1862920635132
687.1862920635132
686.8020093156397
687.2917866525105
687.782669162287
687.4045388270287
686.5347769778309
687.5245450163943
687.1535490703661
687.1535490703661
686.7852648390179
686.4196966870925
686.0568489564112
685.6967259656415
685.3393320100635
685.4932530667243
684.2835669515964
683.4244654678379
683.0790583819709
682.7364059430257
680.685683704307
680.3506448883546
680.018382104484
678.3133494189835
677.9859880558005
676.284703360944
675.1133238205272
674.2647847841381
673.1002897042906
672.7867418432085
671.096118301991
669.9440275127467
668.7974282247204
667.9558368634861
667.1146827944953
665.1375797532418
664.8443426848122
664.5539857678983
662.8815882191932
662.5964080796092
662.3141248682531
661.480914312726
661.2026920695348
661.2026920695348
660.9273787641121
660.0969625744387
660.0969625744387
659.8257345693634
659.557427370809
660.1189286787646
659.0295896240168
659.0295896240168
657.9460464202213
657.6906567680584
657.4382100243338
657.188709580437
656.3687987709349
656.1234639913437
655.0641189990488
655.0641189990488
654.0107032763302
653.7767202952397
652.963245519991
652.1502894272148
652.7334831307492
651.921774448438
650.8863187992201
650.0769185258004
649.2680494218085
648.2422386731677
647.4357110941595
645.8242795064305
644.215026214074
644.215026214074
642.4025217883254
641.6011221935323
640.8002808988149
639.2002816019404
638.4011278185526
636.8045225970054
636.6113414007011
635.8152247312107
635.0196847342609
634.2247235798995
633.4303434474859
631.843335012723
631.0507111159926
630.2586770525257
629.4672350488149
628.6763873408958
627.8861361743864
627.0964838045259
627.0964838045259
625.518984524051
623.9439077353028
623.9439077353028
622.371271830569
622.371271830569
620.8010953598584
620.8010953598584
620.0169352525784
619.2333970321691
618.4504830623063
618.4504830623063
616.8865373794439
616.8865373794439
615.3251173160413
613.1394621128214
613.1394621128214
611.5815562948248
609.3972431837873
607.9909538800721
607.213306837062
605.8068999276915
605.0297513345935
602.846580814721
601.295268566118
599.8883229401953
597.706449689143
596.2994214318843
594.1178334303727
593.3439137633418
591.9366520160751
589.7558817002167
588.9830218266057
586.8032038085681
585.3955927404988
583.8527211549159
581.6743074951823
580.9044671888829
579.4963330341271
577.3188027424709
577.3188027424709
575.141721665191
575.141721665191
574.373571815417
572.9650949228932
571.4306607104662
571.4306607104662
569.2556543417026
568.4901054547915
567.7252856796146
566.961197966845
564.7884559726765
564.0257086339238
563.2637037835831
562.5024444391331
561.0926839658489
560.3320444165228
560.3320444165228
559.5721579921575
558.8130277651014
557.2970482606202
556.6444107327405
555.1297145712883
553.7192429381519
552.9629282329875
551.5523547225594
550.7966957054118
549.3860209360992
547.2202481633881
547.2202481633881
545.8094905734051
545.0550430919799
542.2333446035941
541.4794548272354
540.0685141720446
538.6575906826154
537.2466844941903
535.082236670215
535.082236670215
532.9183802422281
532.1663273827085
530.0037735714718
528.5924706236365
527.1811832757311
526.4304322510241
525.0190472735251
524.2690149150529
522.8575331770596
521.4460662427132
520.6966487312934
519.2850854781022
517.8735366863227
517.1247431713165
515.7130985344468
514.9650473575853
513.5533078464201
512.1415819868564
512.1415819868564
509.9823526358535
508.5705457456222
507.8237883360723
507.1587522659941
506.4118876961717
503.5881253564266
503.5881253564266
501.4299552280458
500.01799967601164
499.3525808484422
497.94075952868127
497.19412707714076
495.7822102496216
494.3703065516779
494.3703065516779
493.7053777304841
492.2936115774813
490.881859514079
490.881859514079
489.47012166219093
488.05839814514
487.3951169226052
485.9835388158739
485.3215428970777
484.6607060614673
483.91011562065944
482.58988800015277
481.1787609610383
479.76765209838817
479.10959080360726
479.10959080360726
477.04192687855016
476.386397790701
475.0789408087881
473.6686605634787
472.36638322387
471.71707622260186
470.3073463172779
469.0127930024937
468.36737717309046
467.72320874636955
465.67155807500205
465.03010655225324
464.38992237127627
464.38992237127627
462.98164110469867
462.34294630717574
461.70553386330556
460.2977297358743
459.66183222016593
458.25429621554014
458.25429621554014
456.2126697056977
455.57985030069096
454.9483487166428
453.54161881794266
452.91169117168965
451.5052602129902
450.87692333939646
450.24993059410906
450.24993059410906
448.2186966202994
447.5946827208742
446.97203491941195
445.56705443737644
444.94606414710535
444.326456560939
443.7082374714267
442.3041939660984
441.6876724564542
440.2839992550263
439.6691938264495
439.0558051091
437.0411879903312
436.4309796519949
433.8133239078763
433.2078023304751
431.80666970300496
430.60074314845303
430.0
428.6000466635532
428.00116822270473
426.00469480981076
425.4092147568033
424.8152539634141
423.4170520893083
423.4170520893083
422.82502291136933
422.0189569201839
421.42733655993413
420.83726070774674
418.8520025020771
418.8520025020771
418.2654659423845
416.8692840687594
416.8692840687594
415.70181620964803
415.70181620964803
414.5407097017131
413.96255869341616
413.96255869341616
413.38601814768725
412.81109481214287
411.6661268552466
411.0960958218893
409.9609737523805
410.22189117598293
409.65961480233807
409.0990100208017
407.98284277650697
406.8734446974882
406.3213014352066
405.2221612893352
404.12992960185466
402.5046583581363
401.96641650764803
401.7412102336528
399.30189080443887
398.77437229591374
398.5774705123209
397.53741962235455
396.50472884948044
396.50472884948044
396.8500976439341
395.32391781929914
394.8189458473339
394.6808837529378
394.1826987578222
393.19206502675
394.06217783491985
393.57083225259464
393.0814165029937
393.0814165029937
393.46791482915097
392.9834602117499
393.37768111574405
393.37768111574405
392.8982056461953
393.77658640401665
393.77658640401665
393.30013984233466
393.30013984233466
393.70674365573166
393.70674365573166
393.70674365573166
393.2352985173127
394.11800263372896
393.6495903719449
394.06852196033117
394.06852196033117
394.49207850095036
394.03172461110285
393.57337308308854
394.0076141396255
393.99619287500735
393.99746192075906
394.01142115426046
394.03806922681974
393.605132080363
393.6495903719449
393.70674365573166
394.6859511054327
395.1822364428847
395.27458810300465
395.78276870020505
395.78276870020505
396.8122981965151
396.8122981965151
397.8592716024097
398.7793876318083
399.3106560060725
399.8462204398086
400.76926029824193
401.3103537164223
402.23500593558487
403.7078151336682
403.7078151336682
404.63440288734716
406.11574704756276
407.04422364160877
407.6039744654117
407.6039744654117
408.1678576272267
409.0990100208017
410.03048667141815
409.66815839164263
410.60077934655703
411.17514516322603
412.1092088269807
411.7535670762307
412.68874469750205
413.27230732290786
412.9225108903606
413.5129985865015
414.1074739726391
415.04698529202693
415.3083192039379
415.3083192039379
416.5249092191246
416.5249092191246
418.08372367266344
418.7027585292459
419.32564910818417
419.9523782525823
421.5317307154943
422.1670285562339
423.1170050943356
424.70813507631334
424.70813507631334
426.9543301103761
427.907700328003
429.51600668659603
430.4706726363597
431.4255439818092
432.0856396595471
433.9976958464181
434.95402055849536
435.91054128112114
436.86725672680024
438.7812666921869
440.98526052465746
441.9423039266551
442.8995371413251
443.85695894060285
443.85695894060285
447.017896733453
447.017896733453
447.9754457556798
448.9331798831537
449.8910979337111
449.8910979337111
450.8491987350094
451.8074811244276
451.8074811244276
453.4412861661364
453.4412861661364
454.4007042248064
455.0802127098035
455.0802127098035
455.7630963559906
456.72420562085387
457.4111935665764
458.373210386471
459.0642656535139
460.02717311045876
460.7222590672172
461.42063239521485
462.12227819052396
464.05279872014563
464.05279872014563
464.7590773723521
466.6915469558025
467.4023962283463
468.369512244339
471.02016941952706
471.98834731378696
473.67710520986765
474.6461840149987
476.58472489159783
477.55418540726873
479.2504564421405
480.22078255735664
482.1617985697332
484.34388609747106
485.3143311298359
486.28489592007685
488.2263819172413
489.1973017096476
490.1683384307885
492.3494693812516
494.29141202331243
494.29141202331243
495.26255663031907
496.47255714691823
497.44346412431634
498.4144861458182
498.4144861458182
499.38562254033707
500.35687264191745
501.32823578968697
502.2997113278087
503.2712986054341
504.24299697665606
504.24299697665606
506.1867244406949
507.1587522659941
508.1308886497651
510.0754846098761
511.0479429564314
511.0479429564314
512.0205074018032
513.9659521797139
513.9659521797139
515.911814169825
516.884900147025
517.858088669087
519.0616533707725
521.0076774866183
521.0076774866183
522.9541088852826
524.9009430359217
524.9009430359217
528.0501870087729
529.023628961883
530.9708089904755
531.9445459820037
533.1463213790375
534.1198367407824
534.1198367407824
536.0671599715841
537.2690201379565
538.2425103984262
538.2425103984262
540.4183564609922
540.4183564609922
541.3917250937624
541.621639154124
541.621639154124
541.621639154124
542.5946921966708
543.5678430518126
543.7986759822057
545.0036697124158
546.2096667031809
547.4166603237428
547.6531749200401
548.8624600025037
550.3135469893505
550.5560825202098
551.7698795693726
552.0153983359522
553.47990026739
553.7300786484332
555.2026656996525
555.4574691189237
556.9380575970724
558.1630586128035
558.4236742832453
558.6859582985776
559.9142791535147
559.9142791535147
561.1434754142651
561.4098324753495
562.6410934156871
562.6410934156871
563.6044712384742
563.8732126994507
564.8362594593233
566.0689003999424
566.0689003999424
567.031745143074
567.9947182853024
569.2275467684254
570.190319104069
570.190319104069
571.1532193728755
571.4236606931848
572.3862332376627
572.3862332376627
574.5824570938448
575.5449591474154
576.507588848577
577.741291583006
578.9758198750618
580.2111684550721
581.4473320946619
581.4473320946619
582.6843056063892
583.922083843384
585.1606616989901
586.680492261333
587.6401960383581
587.921763502594
589.448046904899
590.6919671029901
591.9366520160751
593.1820968303073
593.4711450441378
594.718420767341
595.010083948163
596.2591718372138
597.5089957481812
597.8043158091116
599.0559239336508
599.0559239336508
599.353818708115
599.65323312728
600.9076468143836
600.9076468143836
601.5130921268463
602.7702713306289
604.0281450396166
604.3351719038037
604.3351719038037
605.5947489864819
605.9042828698275
607.1655457945551
607.4775716024419
608.7405030060017
608.7405030060017
610.3195884124972
610.3195884124972
611.9027700541974
611.9027700541974
612.5430597109072
613.8118604263036
614.135164275748
614.4599254630036
615.7312725532138
616.0584387864515
616.3870537251736
616.7171150535714
616.7171150535714
617.3815675900926
617.3815675900926
617.7159541407361
618.0517777662321
617.7871801842443
618.1278184971131
618.8133805922429
618.5668920981789
618.9151799721833
619.2648867810931
619.9685475893111
620.3224967708329
620.1007982578317
620.8196195353365
620.8196195353365
621.5440451005866
621.9083533769265
623.0096307441804
623.0096307441804
623.7507515025533
624.1233852372462
624.872787053493
625.2495501797662
625.6276848094241
626.0071884571295
627.3125217943605
627.6941930590086
628.077224551249
628.4616137840083
628.8473582674893
629.2344555092322
629.2344555092322
630.9334354747733
630.9334354747733
631.3240055629122
631.3240055629122
631.715917165303
631.715917165303
632.1091677867043
632.5037549295656
632.8996760940868
632.8996760940868
633.2969287782786
633.6955104780213
633.6955104780213
634.4966508973865
634.4966508973865
634.8992045986512
635.3030772788685
636.1147695188346
636.522584045531
636.9317074851903
637.3421373171556
637.7538710192201
638.1669060676838
638.58123993741
638.0877682576277
638.5052858042759
638.9240956483015
638.9240956483015
638.8591394039847
638.8591394039847
639.2824102069444
638.8020037539018
639.2284411695086
639.2284411695086
638.7526907966807
639.1822901176158
639.6131643423234
638.7112023442206
639.1439587448199
638.6775399213597
638.6775399213597
639.1134484580965
639.1134484580965
638.6517047655944
638.6517047655944
639.0907603775852
638.6336978268529
639.0758953363834
638.1794418500176
638.6235197673195
638.6235197673195
638.6235197673195
638.173957475546
638.6211709613141
638.1763079275194
639.0782424711391
638.6399611674797
638.6399611674797
638.2045126759916
638.2045126759916
639.1189247706565
638.2303659338061
637.8024772607896
638.2640519408875
637.840889250603
637.840889250603
637.4205832886164
637.0031397096877
637.4715679934283
637.0588669816942
636.6490398956084
635.7680394609342
635.3621014822965
635.8380296899518
635.4368576027047
635.0385815050925
634.1616513161293
633.7673074559779
632.8917758985339
632.5013833976966
632.5013833976966
632.113913784533
631.7293724372803
631.8393783233204
630.9690959151644
630.5933713574858
629.7245429550924
629.3528422117437
628.984101547885
628.6183261725671
627.3914248696742
627.0326945223829
627.5388434192739
626.8341088358227
626.4862328894387
625.6276848094241
625.7994886543133
624.9431974187734
624.6054754803228
624.2707745842343
623.9390995922599
623.6104553324936
623.2848465990489
622.434735534578
622.1133337262593
622.1133337262593
620.4167953883905
620.9476628509041
619.2543903760393
618.4084410808119
616.7179257975238
615.8733636065128
615.0292675962665
614.1856396888485
612.4997959183333
610.8158478625124
609.1338112434738
608.2935146785637
606.6143750357388
605.7755359867217
604.9371868219047
604.0993295808231
603.2619663131433
602.4250990787153
601.302752363566
600.4681506957717
599.634055070257
599.353818708115
598.5215117270222
597.6897188341121
597.4152659582779
596.5852830903558
596.3153528125869
595.4871954962592
595.2218073962008
593.5697094697471
592.7444643351804
591.9197580753662
591.9197580753662
591.0955929458449
590.2719712132705
589.4488951554664
589.4488951554664
587.8043892316558
586.9829639776609
585.5911543047761
584.199452242126
581.9862541332054
580.5945228815029
579.7732315310875
577.5603864532262
576.1683781673548
575.3477209479498
573.9555731936053
572.5635335925613
570.9229370063879
569.5305084014376
568.1381874157026
567.3182528352141
566.4988967332594
566.4988967332594
565.1061847122185
564.2871609384711
563.4687214034157
563.4687214034157
562.6508686565764
561.8336052604899
561.0169337907724
560.2008568361887
559.38537699872
559.1511423577707
559.1511423577707
557.5248873368794
556.7126727495971
555.901070335361
555.0900827793629
554.2797127804697
554.2797127804697
552.6608363182613
551.8523353216873
549.6471595487418
548.2499430004531
547.4422343955571
546.0448699511791
544.6475924852693
543.8400500147079
541.8533011803103
540.4562887042763
538.2508708771403
536.8537976022894
535.4568143183911
534.0599217316349
531.8543033576019
530.4573498406822
529.0604880351584
527.6637186693813
526.2670424793861
524.8704602089929
523.4739726099092
522.0775804418344
520.6812844725648
519.2850854781022
518.4746859780138
517.0783306231272
515.6820725989998
514.8718287107968
513.4754132380634
512.8898517225701
512.0790954530364
510.6828761570139
509.87253309037936
509.0628644872851
507.66622893393253
506.269690975077
505.460186364861
504.0634880647477
503.2544088232114
501.85754950981857
500.4607876747188
499.6518788116382
498.25495481731036
496.85812864438475
496.2710952695109
495.46140112020834
494.064773081425
492.66824537410565
491.4977110831748
490.6862541380184
488.7064558607754
488.7064558607754
488.12395966598484
486.72887730234373
486.1481255749116
484.75354562911656
484.1745553000488
484.1745553000488
482.78048842098
482.2032766375608
482.2032766375608
480.80973367851027
480.23431780746364
480.23431780746364
479.6602964599009
479.6602964599009
479.6602964599009
479.0876746483883
479.0876746483883
477.69550971303886
477.69550971303886
477.1247216399502
477.1247216399502
476.5553483069936
476.5553483069936
475.9873947910806
475.9873947910806
474.5966708690654
474.5966708690654
474.03058973024093
473.4659438650261
472.9027384145708
471.51352048483193
470.3923893942163
469.834013242975
468.4463683283285
467.8899443245174
466.7815334822062
466.7815334822062
464.8440598738463
464.294087836578
463.19866148338554
463.19866148338554
461.26998601686626
461.26998601686626
460.7266000569101
460.1847455098876
459.64442779174425
459.64442779174425
459.1056523285245
459.1056523285245
458.5684245562488
458.5684245562488
458.03274992078894
458.87797942372436
458.87797942372436
458.34484834019895
458.34484834019895
458.66109492739844
458.1320770258289
457.6046328436809
457.93012567421243
457.4068211122348
457.73900860643283
457.73900860643283
456.70231004451904
457.0437615808797
456.018639969903
456.3693679466228
455.8618211695294
454.8516241589119
455.2142352782918
454.2158077390086
454.58772530722825
453.6011463830311
453.1103618325231
453.00772620342804
452.91610702204
453.31335740302205
452.3593704125073
452.76594394896796
452.29415207362564
452.70741102835945
453.1247068964569
452.6599164936078
452.1968597856469
453.08387744434253
452.6234638195417
453.0540806570447
453.9438291242651
453.4886988669067
453.4886988669067
453.4886988669067
453.9273069556402
453.9273069556402
453.9273069556402
453.47657050833396
454.3698933688279
453.9217994324573
453.4754679141971
453.4754679141971
453.0309040231141
453.0309040231141
452.14709995752486
452.14709995752486
451.2704289004543
450.8347812669293
451.3025592659541
450.8713785549045
450.4420051460565
450.4420051460565
450.4941731032711
450.4941731032711
449.64986378292167
449.64986378292167
449.7221364353772
449.7221364353772
450.21772510642006
450.71720623912285
451.62927274480336
451.22056690713913
451.7277941415604
451.7277941415604
453.5570526405691
453.15449903978663
454.9868129957175
454.9868129957175
456.8205336891064
456.8205336891064
457.73791627961083
458.6556442474027
459.5737155234185
460.09781568705586
461.01735325256465
461.01735325256465
461.93722517242537
461.93722517242537
462.85742945317406
463.7779641164509
463.38860581589614
464.3102411104024
464.3102411104024
463.9234850705448
464.84621112793855
465.3858614096479
465.0043010553773
465.0043010553773
465.5502121146547
466.0997747263991
466.28103113894736
466.28103113894736
466.47293597806936
467.0385423067351
467.0385423067351
467.60774159545304
467.24725788387457
467.8226159560908
468.75686661637286
469.3367660859311
470.2722615677008
470.8566660885242
471.79338698205595
472.73036712273944
473.3201876108814
475.19680133603595
476.13548491999626
477.07441767506253
478.3576068173266
480.2353589647476
481.5184316306075
482.4572519923397
483.74063298424704
484.67927539765924
485.9629615515981
486.9014273957307
488.18541559534526
489.1237062339138
490.40799340956914
492.284470606173
493.2230732640151
495.1009997970111
495.44525429153117
497.3228327756529
498.26197928399074
499.799959983992
499.799959983992
501.68117365514127
502.622124463299
504.1686225857377
505.1108789166988
506.66359648192605
507.6071315495873
508.55088241001016
509.1659847240387
511.0557699507951
512.0009765615687
513.8920120025218
514.8378385472458
516.7301036324476
519.8922965384272
520.838746638535
522.7322450356396
524.0009541976045
527.1631625976913
528.1098370604358
529.378881331698
531.5947704784162
532.8648984498791
535.0813022335951
536.0270515561691
538.2434393469185
539.5145966514715
540.4599892684009
541.73148330146
543.0036832287605
543.9485269765881
545.2210560864281
546.1657257646254
546.4942817633136
547.4385810298722
547.768199149969
549.6562562183751
549.6562562183751
550.9301226108444
550.9301226108444
552.2046722004442
553.1482622227064
554.0920501144192
554.4231236158896
555.3665456254995
555.3665456254995
556.6417160077027
557.5849711030597
558.8604476969183
558.8604476969183
561.0793170310237
561.4133949239188
562.355759284103
563.6328592266423
563.9689707776483
565.247733299303
566.5271396852935
566.8668273942302
567.8071855832752
568.1478680766126
568.8338949113353
570.1175317423592
571.7490708344002
572.097893720996
572.4482509362746
572.8001396647875
573.153557085708
573.8649666951277
573.649718905187
574.3744423283473
575.1052077663703
576.2126343633919
576.0312491523355
576.7841884101887
577.9247355841416
578.5447260151975
578.9343658826966
579.5895099119721
579.987068821366
580.6771908728635
581.0826103059702
581.8075283115543
583.0514557052405
582.5607264483249
582.494635168428
582.9176614239784
583.2915223110996
582.3881866933772
581.915801469594
582.347834202206
581.8805719389504
580.9802062032751
580.5170109479997
580.9552478461659
580.056893761293
579.5998619737586
578.7028598512366
578.2499459576283
577.3543106273651
576.9055381949457
576.459885855035
575.5666772842222
575.1252037600161
574.6868712612113
573.7961310430735
573.8196580808294
573.3907916944603
572.9650949228932
572.5425748361426
572.1232384722719
571.7070928368827
571.2941449026061
570.8844016085918
570.4778698599973
569.5981039294285
568.7187354044177
568.317692844416
567.4398646552778
567.4398646552778
566.562441395474
565.685424949238
564.8088172116296
563.4509739098869
562.574439518896
561.2165357506851
559.8589107980688
557.624425576929
555.7877292636101
554.4312401010607
553.0750401166192
551.2431405468915
549.8881704492287
549.0081966601227
548.5334994328058
547.1791297189615
547.1791297189615
545.8250635505849
544.944033823658
544.063415421401
543.1832103443552
543.1832103443552
542.3034206051074
541.4240482283734
540.5450952510807
539.6665637224526
539.6665637224526
538.7884557040917
537.9107732700656
537.9107732700656
537.0335185069922
537.0335185069922
537.0335185069922
537.0335185069922
536.553818363079
536.553818363079
534.3191929923536
532.962475226915
531.1289862170959
531.1289862170959
529.2985924787633
529.2985924787633
528.8251128681391
527.471326234896
527.0
526.5301510834873
525.1780650408011
524.7103963140048
524.2442178984905
523.7795337735143
522.893870685056
522.429899603765
522.429899603765
521.9674319342156
521.5064716760473
521.5064716760473
521.0470228299937
521.0470228299937
520.5890893977706
520.5890893977706
520.5890893977706
520.5890893977706
520.5890893977706
520.5890893977706
520.1326753819644
521.0230321204621
521.4604491234211
521.4604491234211
522.3523714888255
522.3523714888255
522.7944146602946
522.7944146602946
522.3456709880919
523.2399067349508
522.7934582605257
522.7934582605257
523.6888389110464
523.2446846361652
524.141202349138
524.141202349138
524.141202349138
524.5969881728258
524.5969881728258
524.5969881728258
524.5969881728258
525.0561874694936
525.0561874694936
525.0561874694936
525.0561874694936
525.9553212964006
525.9553212964006
525.9553212964006
525.9553212964006
525.9553212964006
525.9553212964006
525.9553212964006
525.9553212964006
525.9553212964006
525.9553212964006
527.2921391411027
527.2921391411027
526.3933890162375
526.3933890162375
526.8329906146729
526.8329906146729
527.274122255208
526.3772411493491
526.8206525944099
525.9248995816798
526.3705918837031
526.8178053179296
526.8178053179296
526.8178053179296
526.3734415792651
526.3734415792651
526.3734415792651
526.8244489391129
526.8244489391129
526.8244489391129
525.9325051753314
525.9325051753314
525.9325051753314
525.9325051753314
525.9325051753314
525.9325051753314
525.9325051753314
525.9325051753314
525.9325051753314
525.9325051753314
525.0409507838413
525.0409507838413
525.0409507838413
