383.109644879896
381.0721716420657
381.0721716420657
381.0721716420657
381.0721716420657
381.0721716420657
381.0721716420657
381.0721716420657
381.0721716420657
381.0721716420657
380.4431626406236
379.81574480266084
379.81574480266084
379.81574480266084
379.18992602652304
379.18992602652304
379.18992602652304
377.78433000853806
377.78433000853806
377.1604433129222
377.1604433129222
376.5381786751511
376.5381786751511
376.5381786751511
375.91754415030965
375.91754415030965
375.91754415030965
375.91754415030965
375.91754415030965
375.2985478255944
375.2985478255944
375.2985478255944
375.2985478255944
375.2985478255944
374.6811978202269
374.6811978202269
374.6811978202269
374.6811978202269
374.6811978202269
375.4690400019687
374.8546384933765
374.8546384933765
374.8546384933765
375.0333318519835
375.0333318519835
375.0333318519835
375.8257574994029
375.217270391436
375.217270391436
375.40644640176333
375.40644640176333
375.40644640176333
374.80261471873433
375.0
375.0
375.0
374.4008546998791
373.80342427538034
373.80342427538034
374.0120318920235
374.0120318920235
373.4193353322776
372.8283787481849
372.2391704267567
372.2391704267567
371.87766805765574
371.29503093900945
371.29503093900945
370.71417561242515
370.1351104664349
369.55784391621296
368.982384403375
367.8369203872825
367.8369203872825
367.52278840909986
366.95776323713335
366.95776323713335
365.83329536825926
365.83329536825926
365.2738698565776
365.2738698565776
365.2738698565776
364.71632812365283
364.99315062066574
364.99315062066574
364.4406673246003
364.4406673246003
363.8900932974131
363.8900932974131
364.72592449673766
364.1785276481852
364.1785276481852
364.1785276481852
364.1785276481852
364.1785276481852
364.1785276481852
363.633056803146
363.633056803146
363.633056803146
363.633056803146
364.4722211636986
364.4722211636986
364.4722211636986
364.4722211636986
364.4722211636986
364.4722211636986
363.92993831230757
363.92993831230757
364.77116114078973
364.77116114078973
364.77116114078973
364.77116114078973
364.77116114078973
364.77116114078973
364.2320688791694
364.2320688791694
364.2320688791694
363.69492710237245
363.1597444651596
364.0054944640259
364.0054944640259
363.4735203560226
362.9435217771492
362.9435217771492
362.41550739448223
362.41550739448223
361.8894858931384
361.3654659759286
361.3654659759286
360.84345636300515
360.84345636300515
360.3234657915024
360.6618915272308
360.14719213121737
360.14719213121737
359.63453671748493
359.12393403949005
359.12393403949005
359.477398455035
359.477398455035
359.477398455035
358.9721437660588
358.9721437660588
358.9721437660588
358.4689665786984
359.3341063689891
358.83422356291493
358.83422356291493
359.70126494078386
359.20467702968455
359.20467702968455
360.07360358682223
360.07360358682223
360.07360358682223
360.4511062543712
360.4511062543712
360.4511062543712
360.4511062543712
360.4511062543712
361.32257056541596
361.32257056541596
361.7070637961056
361.7070637961056
361.7070637961056
361.7070637961056
361.7070637961056
362.58102542742085
362.58102542742085
362.58102542742085
362.0966721747108
362.0966721747108
362.0966721747108
362.97245074523215
362.49137920783716
362.49137920783716
362.01243072579706
361.53561373673824
362.41550739448223
361.9419843013518
361.47060738046184
361.47060738046184
361.0013850388943
361.0013850388943
360.5343256889696
361.4194239384486
360.4941053609615
360.4941053609615
360.0347205478938
360.0347205478938
359.57752988750565
360.0138886209808
360.0138886209808
359.5622338344226
359.1127956506145
359.1127956506145
358.66558240232644
359.5608432518758
359.11697258692743
358.6753406633916
358.6753406633916
359.13507208291423
359.13507208291423
359.13507208291423
359.13507208291423
359.5997775305207
359.1670920337775
359.1670920337775
359.6400978756401
359.6400978756401
360.5440333717922
360.1180362047977
360.1180362047977
361.0235449385538
360.6008874087805
360.6008874087805
360.6008874087805
361.08863177895813
361.08863177895813
361.08863177895813
361.9972375585206
361.58124951385406
361.58124951385406
362.49137920783716
362.0787207224418
362.0787207224418
362.58102542742085
362.58102542742085
362.58102542742085
362.17399133565624
363.0881435684729
362.6844358392017
362.28303852098844
363.19966960337393
362.80159867343474
362.4058498424108
362.01243072579706
362.01243072579706
362.154663092994
362.154663092994
361.7692634815733
362.6927073984256
361.93093263770646
362.8567210346255
362.48034429469413
362.6637561157718
362.6637561157718
363.2258250730529
362.49827585796874
363.43087375730755
363.43087375730755
363.6495565788579
363.6495565788579
364.2320688791694
363.8818489564985
364.4722211636986
364.12772484390695
365.0671171168392
365.6665147371304
366.60741945574426
367.21247255505904
366.87872655688284
367.8219678050782
367.8219678050782
368.4358831601504
369.3805625638685
369.0541965619684
370.0
370.0
370.62379848034584
370.62379848034584
371.5709891797259
372.2002149381432
372.2002149381432
372.2002149381432
372.83374310810444
373.7833597152233
373.7833597152233
374.42222156276995
374.42222156276995
375.37314768107746
375.0653276430654
375.0653276430654
375.0653276430654
375.71265616159377
375.71265616159377
375.41044204976504
376.36418533117626
377.01989337434173
377.01989337434173
376.7240369288904
376.4306044943742
377.38706920084053
377.09680454758563
377.09680454758563
377.76712403278293
377.48244992317194
378.1600190395595
378.1600190395595
377.88093362857035
378.565714242587
378.565714242587
378.29221509304153
378.98416853478193
378.98416853478193
378.7162526219333
379.41533970043963
379.41533970043963
379.15300341682644
379.85918443549576
380.82541931966676
380.5693103759156
381.5363678602605
381.5363678602605
381.2833591962807
382.00130889828114
382.9699727132664
382.9699727132664
382.7231375289453
383.6925852814985
383.6925852814985
383.6925852814985
384.6621894597908
384.6621894597908
385.3894134508627
385.3894134508627
386.35993581115525
386.35993581115525
386.35993581115525
387.3306081372863
388.3014293046061
388.3014293046061
389.03470282225464
389.03470282225464
389.03470282225464
389.03470282225464
390.00641020372984
390.00641020372984
390.97826026519687
390.97826026519687
390.7441618245882
390.7441618245882
391.71673438851195
392.68944472700053
392.68944472700053
392.4589150471677
393.4323321741618
393.4323321741618
393.2047812527208
394.17889339740145
394.17889339740145
394.17889339740145
394.92910756235733
394.92910756235733
395.9040287746514
396.65854333418815
396.65854333418815
397.4166579296847
398.39302202724383
398.39302202724383
398.39302202724383
399.15535822534065
400.13247806195386
400.13247806195386
400.8989897717379
400.8989897717379
401.8768468075761
402.6474885057648
402.6474885057648
403.62606456967075
404.40079129497263
404.40079129497263
404.40079129497263
405.1789728009093
405.1789728009093
406.15883592506026
407.1387969722365
407.1387969722365
408.1188552370498
408.90218879335924
408.90218879335924
408.90218879335924
409.88291010970437
409.88291010970437
410.8637243661212
411.6515516793299
411.6515516793299
411.6515516793299
412.6330088589617
413.6145548696274
413.6145548696274
414.59618908041114
415.5779108663019
415.5779108663019
416.55971960812536
416.55971960812536
417.5416146924759
418.5235955116509
418.3359893673983
419.3184947030121
420.30108255868197
420.30108255868197
421.283752357007
422.26650352591315
422.26650352591315
423.24933549859236
424.2322477134429
424.2322477134429
426.01643160798386
426.01643160798386
426.01643160798386
427.9836445473121
427.9836445473121
428.967364726036
429.95116001704196
429.7731959999367
430.75747236699215
431.74182099954135
431.74182099954135
432.7262414044242
433.53661898391005
434.5215759890411
434.5215759890411
435.50660155731276
436.32098276383635
436.32098276383635
437.30652865009915
438.2921400162225
438.2921400162225
439.110464461962
440.096580309368
441.0827586746052
440.918359790109
441.90496715922984
442.89163460151286
443.8783617163603
444.86514810670434
445.85199337896876
445.85199337896876
447.66617026529934
447.66617026529934
448.65354116511776
449.64096788437774
449.64096788437774
450.62845005614105
451.6159873166582
452.6035793053343
452.6035793053343
453.5912256646947
454.5789260403522
454.5789260403522
454.5789260403522
455.5666800809734
455.5666800809734
456.5544874382465
457.54234776684876
457.54234776684876
458.53026072441503
459.51822597150596
459.51822597150596
460.5062431715774
460.5062431715774
460.5062431715774
461.49431199094965
461.49431199094965
462.4824320987771
462.4824320987771
462.4824320987771
463.47060316701857
464.4588248704076
464.4588248704076
464.4588248704076
465.4470968864238
465.4470968864238
465.4470968864238
466.5886839605093
466.5886839605093
467.57673167085636
467.57673167085636
468.56483009291253
468.56483009291253
468.56483009291253
468.56483009291253
469.55297890653407
469.55297890653407
470.54117779425
470.3892005563053
470.3892005563053
471.37776782533984
471.37776782533984
472.36638322387
472.36638322387
472.36638322387
473.35504645033626
473.35504645033626
473.2060861823313
474.19510752431853
474.19510752431853
474.0485207233538
475.0378932253721
475.0378932253721
475.0378932253721
476.0273101409204
476.0273101409204
475.88338907761846
475.88338907761846
476.8731487513215
476.8731487513215
476.8731487513215
476.8731487513215
476.8731487513215
476.7315806614871
476.7315806614871
477.7216762927971
477.7216762927971
477.7216762927971
478.71181309844445
478.71181309844445
478.71181309844445
478.71181309844445
479.7019908234695
479.7019908234695
479.7019908234695
479.7019908234695
479.7019908234695
479.7019908234695
479.7019908234695
479.7019908234695
479.7019908234695
480.6922092150028
480.6922092150028
480.6922092150028
481.6824680222439
481.6824680222439
481.6824680222439
482.6727669964404
482.6727669964404
482.6727669964404
482.6727669964404
483.663105890867
483.663105890867
483.8026457141383
484.79273921955553
484.79273921955553
485.78287330864185
485.78287330864185
485.78287330864185
486.77304773374624
486.77304773374624
487.7632622492186
487.6248558061822
488.6153906704127
488.6153906704127
488.6153906704127
488.6153906704127
489.6059640159625
490.5965756097366
490.5965756097366
490.5965756097366
491.5872252205096
491.5872252205096
492.44289008980525
492.44289008980525
492.44289008980525
493.4338861488943
493.4338861488943
494.424918465888
494.424918465888
495.4159868231949
495.4159868231949
496.4070910049533
496.4070910049533
497.3982307970144
498.38940598692506
498.38940598692506
498.38940598692506
499.3806163639114
499.3806163639114
499.3806163639114
500.371861718862
501.49576269396334
501.49576269396334
502.6211296792048
503.6119537898202
504.6028141023393
505.72917653621687
505.72917653621687
506.719843700639
507.8474180302584
508.83789167081494
508.83789167081494
509.9666655772708
509.9666655772708
510.10685155171166
512.0869066867459
512.2284646522487
513.2182771492068
514.3510474374481
514.3510474374481
515.4852083231875
516.4745879518179
516.6207506479003
517.6098917138273
517.7576653223011
518.7465662536958
518.7465662536958
519.8846025802264
519.8846025802264
519.8846025802264
520.8733051328317
521.0239917700527
521.0239917700527
522.0124519587631
522.0124519587631
522.0124519587631
523.1529413087534
523.1529413087534
523.1529413087534
524.141202349138
524.141202349138
524.141202349138
524.141202349138
524.141202349138
525.1295078359242
525.1295078359242
526.1178575186362
526.1178575186362
526.1178575186362
526.1178575186362
527.1062511486655
527.1062511486655
527.1062511486655
527.1062511486655
528.0946884792537
528.0946884792537
528.0946884792537
528.0946884792537
527.9441258315126
527.9441258315126
527.9441258315126
528.9328879924182
528.9328879924182
528.9328879924182
528.9328879924182
528.9328879924182
529.9216923282156
529.9216923282156
529.9216923282156
529.9216923282156
529.9216923282156
530.9105386032566
530.9105386032566
530.9105386032566
530.9105386032566
531.8994265836353
531.8994265836353
531.8994265836353
532.0488699358359
533.0375221314162
533.0375221314162
533.0375221314162
533.0375221314162
534.0262165849164
534.0262165849164
534.1769369787505
535.1653949948558
535.1653949948558
535.1653949948558
536.1538958172364
536.3058828690955
536.3058828690955
537.2941466273386
537.2941466273386
537.2941466273386
537.4476718714111
538.435697182124
538.435697182124
538.435697182124
539.4237666250904
539.5785392322418
539.5785392322418
539.5785392322418
540.566369653163
540.566369653163
540.722664588789
540.722664588789
541.7102546564907
541.7102546564907
541.7102546564907
541.7102546564907
542.6978901746348
542.6978901746348
542.6978901746348
542.6978901746348
542.6978901746348
543.6855708955314
543.6855708955314
543.6855708955314
544.8302487931447
544.8302487931447
544.8302487931447
545.8177351460834
545.8177351460834
546.80526698268
546.80526698268
546.80526698268
546.9634357066293
547.9507277118993
547.9507277118993
548.1103903412159
548.1103903412159
549.0974412615669
549.0974412615669
549.0974412615669
550.0845389574224
550.2453997990351
551.2322559502483
551.2322559502483
552.3812089490373
553.3678704081038
553.3678704081038
554.5178085508165
555.5042754110899
555.5042754110899
556.6551895024423
558.7933428379404
558.9606426216429
559.9464260087746
559.9464260087746
561.1007039738945
561.2708793443679
562.2561693747789
562.2561693747789
563.4128149057315
563.4128149057315
564.5706333134942
564.5706333134942
565.7296173968621
565.7296173968621
566.8897600062996
566.8897600062996
568.0510540435604
568.0510540435604
568.0510540435604
569.0351482992944
569.0351482992944
569.0351482992944
570.0192979189388
570.0192979189388
570.0192979189388
571.1812321846718
571.1812321846718
571.1812321846718
572.1651859384665
573.149195236284
573.149195236284
574.1332597925328
574.1332597925328
574.1332597925328
575.1173793235604
576.1015535476363
576.1015535476363
577.0857821849365
578.0700649575274
578.8790892751266
578.8790892751266
578.8790892751266
579.8637771063131
580.8485172572966
580.8485172572966
581.8333094624267
581.8333094624267
582.8181534578346
582.645689935144
583.6308764964376
583.6308764964376
584.6161133598697
584.6161133598697
585.6014002715499
585.7729935734491
586.7580421263947
586.7580421263947
586.7580421263947
587.9158102993999
588.0901291468851
589.074698149564
589.2503712345033
589.4276885250641
589.4276885250641
590.5903825833942
590.7706830911635
590.7706830911635
590.9526207742884
591.3214016082962
591.3214016082962
591.6967128521165
591.6967128521165
591.8868135040685
592.0785420871119
592.0785420871119
592.271897020279
592.4668767112639
592.4668767112639
592.663479556485
592.8617039411469
593.8417297563384
594.0412443593458
594.2423747933161
594.2423747933161
594.4451194181007
594.4451194181007
595.628239760339
595.628239760339
595.8338694636283
595.8338694636283
596.8123658236314
596.8123658236314
596.8123658236314
597.9974916335352
597.9974916335352
597.9974916335352
599.1836112578515
599.1836112578515
600.1616448924407
600.1616448924407
600.3707188063055
601.3484846576068
602.32632351575
602.5363059600642
603.5138772223884
603.5138772223884
603.7251030063269
604.7024061470237
604.9148700437112
604.9148700437112
606.105601360027
606.105601360027
606.320872146094
607.2972912832726
607.5137858518109
607.5137858518109
607.7318487622646
607.7318487622646
608.172672848756
608.172672848756
608.3954306205792
609.5941272682998
609.5941272682998
609.8196454690518
610.0467195223657
610.2753476915154
611.2487218800543
611.7098985630362
611.942807785172
612.9151654185105
613.1492477366338
613.3848710230797
613.3848710230797
613.6220335027092
613.8607333915405
615.0715405544302
615.0715405544302
615.3129285168645
616.5257496650079
616.5257496650079
616.5257496650079
617.7394272668695
618.9539562843104
618.9539562843104
620.1693317151373
620.1693317151373
621.1384708742488
622.3544006432348
622.3544006432348
623.5711667484313
624.5398305952951
624.5398305952951
626.7256177945816
626.7256177945816
627.943468793171
628.9117585162485
628.9117585162485
630.1301452874636
630.1301452874636
631.0982490864635
631.3493486177047
632.3171672507398
632.3171672507398
633.5368971101841
634.5045311106927
634.5045311106927
635.7247832199088
635.7247832199088
635.9787732306795
636.9458375717671
637.200910231616
638.167689561294
638.4238404069823
638.4238404069823
639.6475592074123
639.9062431325389
639.9062431325389
641.1318117204917
641.1318117204917
641.3930152410455
641.6556709014578
641.6556709014578
641.9197769192035
642.8841264178172
642.8841264178172
643.1492828263124
643.1492828263124
643.1492828263124
643.4158841682415
643.4158841682415
643.4158841682415
643.6839286482148
643.953414464121
643.953414464121
644.2243398071823
644.4967028620084
644.7705018066506
645.3224000451247
645.3224000451247
646.8400111310369
647.1205451845892
647.4025023121242
647.6858806551213
649.2149104880448
649.7907355449137
651.3286420847774
651.9148717432362
653.7591299553682
655.0122136265858
655.6134531871658
657.4777562777314
657.7841591282053
659.3519545735797
661.2359639342071
662.4990566031018
664.0783086353597
664.3952137094307
664.7134721065912
666.6228318922177
666.9460248026072
668.2162823517548
668.8684474543555
670.1410299332522
670.4699844139184
670.8002683362612
670.8002683362612
672.0751446081011
672.0751446081011
672.0751446081011
672.4076144720552
672.4076144720552
672.4076144720552
672.741406485434
672.741406485434
672.741406485434
672.741406485434
672.741406485434
672.741406485434
672.741406485434
672.741406485434
672.741406485434
672.741406485434
672.741406485434
672.741406485434
672.741406485434
673.0765186811972
673.0765186811972
673.4129490884475
673.4129490884475
673.4129490884475
674.0897566348268
674.0897566348268
674.4301298133114
673.8323233564861
673.8323233564861
674.1757930985063
674.5205704795073
674.8666534953405
675.2140401383846
675.562728397593
674.6258222155449
674.976295880085
675.3280684230443
675.6811378157599
675.1007332243092
675.4568824136742
675.8143236126325
675.239957348497
675.239957348497
675.6004736528831
675.9622770539788
675.3939591083118
675.3939591083118
675.7588327206681
675.7588327206681
676.1249884451838
676.1249884451838
676.4924242000054
676.8611379005298
676.8611379005298
677.2311274594516
677.2311274594516
677.6023907868095
677.6023907868095
677.6023907868095
677.9749257900324
678.3487303739869
679.6506455525515
680.0264700730406
680.0264700730406
681.7074152449861
682.086504777803
682.086504777803
683.7726230261051
684.1549532087012
685.3094191677217
686.6185258205608
687.0065501871143
687.3958102869118
689.0979611056762
689.4903915211581
689.8840482283962
690.2789291293774
690.6750321243703
691.9898843191279
692.3878970634886
693.1875648047936
693.5892156024343
693.9920748827035
694.8014104764037
695.2078825790168
695.6155547427041
696.0244248587833
696.4344908173346
695.9346233663044
696.3476143421474
696.7617957379696
696.2679082077531
696.2679082077531
696.68500773305
697.1032922028127
696.1953748769091
696.6153888624626
695.7082721946032
695.7082721946032
696.1300165917283
696.1300165917283
695.2237050043676
695.6471806886017
695.6471806886017
695.6471806886017
695.1668864380696
695.1668864380696
695.1668864380696
695.5932719628619
694.6891391118764
695.1172562956555
694.2139439682842
694.6437936093578
694.6437936093578
695.0748161169415
694.6056435129217
694.6056435129217
694.6056435129217
694.1390350643018
693.6749959455076
694.1123828314836
693.6526508274873
694.0929332589404
693.6375134030742
692.7409328168792
693.6295841441597
693.1810730249348
692.2867902827555
691.841744909918
692.2918459724916
690.9594778277523
691.4130458705563
690.5222661145692
690.0876755891239
688.7670143089026
688.3385794796046
687.9127851697481
687.4896362855225
686.1843775546045
686.1843775546045
685.7674532959405
684.4705983459041
683.5883264070562
683.1786003674296
681.8914869684179
681.8914869684179
680.6092858608381
680.6092858608381
679.7308290786876
679.3320248597147
678.9359321762253
678.0597318820813
677.1838745865114
676.7924349458998
675.9178944220962
676.4037255958899
675.5301621689441
675.1451695746626
675.1451695746626
675.6345165842255
675.254026274557
675.254026274557
675.3702688155587
675.3702688155587
675.8653712093852
675.9918638563632
676.4909459852364
676.1257279530191
676.1257279530191
676.627667184841
676.2669591219136
677.2776387863399
677.7846265592043
677.4319153981454
677.941737909682
678.1061863749659
677.7624952739714
677.7624952739714
677.9387877972465
677.9387877972465
677.6023907868095
678.122407829147
677.7905281132217
678.3133494189835
677.4614380169546
677.9859880558005
677.135141607641
677.661419884591
676.8116429258587
676.4909459852364
675.642657031067
675.3258472767054
675.3258472767054
674.4790582367996
672.7867418432085
673.320874472194
672.4760218773603
671.6315954450029
671.6315954450029
669.9440275127467
669.1008892536312
669.1008892536312
668.2581836386292
668.7974282247204
667.9558368634861
667.1146827944953
667.1146827944953
666.8163165370206
665.1375797532418
665.1375797532418
664.8443426848122
664.0067770738489
663.7175604125598
663.7175604125598
663.4312323067102
663.1477964978848
662.8672566962408
662.5896165802782
662.5896165802782
662.3148797966115
661.2140349387632
660.9462913126905
661.5081254225075
660.4195636108913
660.9848712338279
659.9045385508422
659.0819372430108
659.6514231016257
658.5810504410221
657.7613549000883
657.5165397159222
656.4579194434324
656.4579194434324
654.5907118192252
653.7767202952397
652.963245519991
652.7334831307492
651.921774448438
650.299930801165
649.4897997659393
648.6801985570394
647.6519126814959
646.8446490464306
645.2317413147
643.6210064937284
643.4112215372063
642.6079675821021
641.8052664165355
640.2015307698038
639.400500468994
638.6000313185085
637.8001254311573
637.0007849288728
635.600503461097
635.600503461097
634.8015437914436
634.8015437914436
634.0031545662845
634.0031545662845
633.2053379433878
633.2053379433878
632.4080960898588
631.6114311821786
631.6114311821786
630.8153454062449
630.0198409574099
629.2249200405209
629.2249200405209
629.2249200405209
628.4305848699601
627.636837669683
627.636837669683
626.84368067326
626.0511161239152
626.0511161239152
625.2591462745667
625.2591462745667
624.4677733878667
623.6769997362417
622.2740553807462
621.4837085555823
621.3082970635431
619.1163057132319
618.9450702606815
617.5410917501765
616.7544081723291
615.9683433424157
614.3980794240815
612.8303190933034
612.0473837865824
610.4834150081392
609.7023864148803
608.1422530954414
606.5847014226455
605.0297513345935
603.4774229414055
602.7022482121665
601.1538904473629
599.6082054141688
598.8363716408682
597.2947346160017
596.5249366120414
595.7558224642039
595.628239760339
594.8613283783036
593.3295880031603
591.920602783853
590.391395601257
589.6278487317234
589.6278487317234
588.865009998047
588.102882155835
588.102882155835
587.3414679724224
586.5807702269143
586.5807702269143
585.1709152034131
584.410814410548
584.410814410548
584.410814410548
583.0008576323023
583.0008576323023
583.0008576323023
581.5909215247432
580.9414772591126
579.5317075018415
578.8834079501675
577.4738089298943
576.82666373877
576.82666373877
575.4172399224757
574.771258849988
573.3620147864698
572.7172077037671
571.3081480252141
569.8991138789391
569.2556543417026
567.8468103282786
566.4379930760294
566.4379930760294
565.0292027851303
563.6204396577541
562.8543328428768
561.4454559438522
560.0366059464327
560.0366059464327
558.627783054155
557.2189874726093
555.8102194094671
555.1684429071955
554.401479074506
554.401479074506
552.2264028457894
552.2264028457894
550.8175741568165
549.4087731370878
549.4087731370878
546.5912549611455
545.8250635505849
545.1825382383408
544.4162010814888
543.7738500516552
542.3651906234396
540.9565601783567
540.9565601783567
539.5479589434103
538.1393871479768
536.7308450238351
536.0904774382772
535.3223328051988
533.9138507287482
533.2738508496361
532.5053990336623
532.5053990336623
531.0969779616524
530.4573498406822
529.6885877569952
528.9205989560248
528.9205989560248
528.1533868110665
526.7447199545526
526.7447199545526
525.3360829031259
525.3360829031259
524.5693471791885
524.5693471791885
523.1605872005268
523.1605872005268
522.3944869540643
522.3944869540643
521.6291786317173
520.8646657242167
520.1009517391792
519.3380402011776
519.3380402011776
519.3380402011776
518.5759346518116
518.5759346518116
517.8146386497779
517.8146386497779
517.0541557709405
517.0541557709405
516.2944896084017
515.5356437725718
514.8844530571884
514.8844530571884
514.1254710671316
514.1254710671316
513.4744394806814
512.7153206214927
511.3051926198286
511.3051926198286
509.8950872483476
508.4850046953204
507.0749451511088
505.6649088081948
505.6649088081948
505.6649088081948
504.25489586121023
502.19518117958876
500.78538317327116
499.37561013729936
499.37561013729936
497.96586228375133
495.9082576444962
494.4987360954525
493.7367719747031
493.08924141579075
491.03360373807413
490.2703335915809
489.6243457999204
488.2151165213957
487.5705077217038
486.16149580154945
486.16149580154945
484.7525141760484
483.3435631101339
483.3435631101339
481.9346428718317
481.9346428718317
481.2920111533122
479.8833191516454
479.8833191516454
478.4746597260925
478.4746597260925
477.06603316522126
477.06603316522126
477.06603316522126
477.06603316522126
477.06603316522126
475.6574397610112
475.0168418066879
473.60848809961163
472.96934361541867
472.96934361541867
472.3314514194455
471.5612367444975
470.9235606762524
470.28714632658205
470.28714632658205
469.01812331721254
468.2445942026453
467.6109494013159
466.97858623281644
466.347509910796
465.7177256665243
464.94085645380744
463.6830814252338
463.0561521025285
462.43053532395544
461.0249450951651
460.4009122493134
459.7782074000463
459.156835950419
457.13236595104485
457.13236595104485
456.51396473711515
455.8969181733959
455.2812317677943
453.8777368411013
453.26372014534763
453.26372014534763
451.2482686947397
451.2482686947397
450.6373264610911
450.0277769204919
449.23490514429085
448.6256791580259
448.6256791580259
447.2236576926583
445.82171324420705
445.21455501813955
443.81302369353693
443.81302369353693
443.2076262881766
442.41157308551504
441.8065187386895
440.40549497026035
439.2004098358744
438.4016423326902
437.80018273180286
435.80041303330586
435.80041303330586
435.2022518324095
433.8029506584758
433.8029506584758
433.20664814843275
432.6118352518803
431.2134042443486
430.62048255975935
430.0290687848904
429.4391691497179
428.6315434029558
428.04205400871535
427.4540911021908
426.86766099108513
426.86766099108513
426.28277000132204
425.6994244769424
425.1176307799995
424.53739529045026
424.53739529045026
423.95872440604404
423.95872440604404
423.38162454220895
423.38162454220895
422.8061021319347
422.8061021319347
422.23216362565273
422.23216362565273
421.65981549111365
421.65981549111365
421.65981549111365
421.08906421326117
421.08906421326117
420.5199162941037
419.9523782525823
419.9523782525823
420.7766628509713
420.2118513321584
420.2118513321584
419.64866257382494
419.08710311819425
418.5271795236242
418.2439479538228
416.8572897287512
416.3039754794566
416.58732577936166
415.4912754800033
415.4912754800033
414.40197875975446
413.85987966943594
413.3194890154588
412.2438598693739
412.2438598693739
410.3291361821629
409.79629085681097
409.5851559810243
409.05867549778236
409.05867549778236
408.53396431630995
408.0110292626904
408.0110292626904
406.97051490249265
407.82594326501595
407.3094646580165
407.3094646580165
406.79478856052225
406.79478856052225
406.79478856052225
407.1412531296724
407.1412531296724
406.63128261362283
406.63128261362283
406.63128261362283
406.98525771826183
406.98525771826183
406.4800118086989
406.4800118086989
406.4800118086989
406.8414924758781
405.8423339179884
406.21422919439937
405.72034703721727
405.72034703721727
404.7381869801761
404.7381869801761
404.2499226963439
404.63810992045717
404.1546733615733
403.6731350981881
403.1935019317648
402.715780669196
402.2399781225133
401.7661011085928
402.17657813453036
401.70760510600246
401.24057621332366
400.7754982530744
401.19945164469004
401.19945164469004
400.7393167634042
401.17078657349913
401.17078657349913
400.7156098781279
400.7156098781279
400.26241392366586
400.26241392366586
401.15458367068425
400.7043798113517
401.59805776422775
401.59805776422775
401.15084444632544
402.04601726668056
402.04601726668056
401.6017928246835
402.4984472019737
402.4984472019737
402.0572098594925
402.9553325121781
402.9553325121781
402.9553325121781
402.9553325121781
403.41665805962947
403.41665805962947
402.981389148432
402.981389148432
402.54813376787627
403.45012083279886
403.01985062773275
403.01985062773275
402.5916044827562
402.16538886383546
403.0707133990263
402.6474885057648
402.6474885057648
402.2263044605611
402.715780669196
402.2996395722969
402.2996395722969
401.8855558489257
402.7964746618322
402.3853874086384
401.9763674645563
402.88956303185614
402.48354003611126
402.48354003611126
402.995037190286
402.995037190286
402.59408838183407
403.510842481339
403.11288741492746
404.0309394093477
404.0309394093477
404.5553114223072
404.5553114223072
405.47503005733904
405.08394191821526
406.00492607848986
406.00492607848986
406.5390510147826
406.5390510147826
406.5390510147826
407.07738821997964
408.0012254883556
408.0012254883556
408.9254210733297
408.54497916386146
409.47038964985
409.47038964985
410.396150079408
410.01951173084433
410.01951173084433
410.01951173084433
410.01951173084433
410.5727706509529
410.5727706509529
410.5727706509529
411.13014970931044
411.13014970931044
410.7614879708174
411.6916321714591
411.32590484918404
411.32590484918404
411.32590484918404
411.894403943535
411.894403943535
411.5337167231866
412.46696837443847
412.46696837443847
412.1092088269807
413.0435812356851
413.0435812356851
412.68874469750205
413.62422559613213
413.62422559613213
414.56000771902734
414.2088845015278
415.1457575358322
415.1457575358322
416.08292442733097
417.02038319487457
417.02038319487457
416.673733273409
417.612260356422
417.612260356422
418.5510721524913
419.49016675006817
419.1479452412954
420.0880860010196
420.0880860010196
420.0880860010196
421.028502598102
420.6899095533431
421.6313555702422
421.6313555702422
422.2380844973603
422.2380844973603
422.2380844973603
422.8486726950908
422.8486726950908
422.8486726950908
422.5186386421314
423.4631034694758
423.4631034694758
423.1359119715555
424.08136011855083
423.75700584179134
423.75700584179134
423.75700584179134
423.43476475131325
424.38190347845887
424.38190347845887
424.062495394252
425.0105881034024
425.0105881034024
425.0105881034024
424.69400749245335
425.64304293621433
425.64304293621433
426.27925119573905
426.27925119573905
427.2294465506796
428.1798687467686
428.1798687467686
429.13051627680824
429.13051627680824
430.08138764657093
430.08138764657093
430.08138764657093
430.72497025364106
430.72497025364106
431.6769625541766
431.6769625541766
431.6769625541766
432.62917146211953
432.62917146211953
433.5815955503647
433.5815955503647
434.23150507534575
434.23150507534575
434.23150507534575
435.18501812447545
435.18501812447545
436.1387393937851
436.1387393937851
436.7940017903176
436.7940017903176
436.7940017903176
437.7487864060847
437.4528546026417
438.40848531934233
438.40848531934233
438.40848531934233
439.0717481232424
439.0717481232424
439.7385586914115
440.69604037249985
440.69604037249985
441.3671940686122
441.3671940686122
442.32567187537285
442.32567187537285
443.00112866673373
443.00112866673373
443.00112866673373
443.6800649116433
443.6800649116433
444.6403040661069
445.6007181322759
445.3234779348603
446.28466251933867
446.28466251933867
446.97203491941195
447.9341469457313
448.6256791580259
448.6256791580259
449.5887009256349
449.32059823693817
450.28435460273323
450.01888849247206
450.98336998164353
450.98336998164353
451.68573145495753
452.6510797512804
452.6510797512804
452.6510797512804
453.61657818029533
453.35747484738795
454.3236731670495
455.2900174613979
457.4800542100169
459.412668523627
460.6365161382671
462.56891378474626
463.79305730034383
465.98390530145997
467.20980297934676
468.1751808885217
470.3668780856067
471.59410513703415
472.8223767970378
473.7868719160547
475.015789211264
475.28202154089524
476.24573488903815
476.24573488903815
477.4767010022583
477.4767010022583
477.4767010022583
478.44017389847187
478.70867967898806
478.70867967898806
479.67176277116835
479.67176277116835
480.63499664506327
480.63499664506327
480.3675675979801
481.33148660772235
481.33148660772235
482.2955525401411
482.99585919550077
483.96074220953085
483.96074220953085
484.66483264210535
484.66483264210535
485.63051798666856
485.63051798666856
486.59634195090285
487.3048327279343
487.3048327279343
487.3048327279343
487.3048327279343
488.2714409014723
488.2714409014723
488.2714409014723
488.2714409014723
488.2714409014723
488.2714409014723
488.2714409014723
489.2381833013445
490.2050591334202
491.1720676097125
492.13920794832023
492.13920794832023
493.10647937337023
494.0738811149604
494.0738811149604
495.04141240910343
495.04141240910343
495.7580054825136
495.7580054825136
496.72628277553423
497.69468552517213
497.69468552517213
498.663213000518
499.63186447623616
499.38462130906674
500.35387477264527
501.3232490120521
501.3232490120521
502.29274332803175
503.2623570266308
504.23208941914834
504.23208941914834
505.20193982208735
506.1719075571065
507.1419919509722
508.1121923355117
509.0825080475659
509.0825080475659
510.0529384289439
510.0529384289439
511.0234828263766
511.994140591472
511.994140591472
513.9357936551997
513.9357936551997
516.1172347442003
516.1172347442003
518.0588769628409
518.0588769628409
519.029864266017
520.0009615375725
521.2110896748073
521.2110896748073
522.181960622923
523.1529413087534
523.1529413087534
524.363423590929
524.363423590929
525.3341793563408
525.3341793563408
526.3050446271629
527.2760187985036
527.2760187985036
527.2760187985036
528.4865182764836
529.4572692862002
530.428128967535
530.428128967535
531.6389752454197
531.6389752454197
532.6096131314192
532.6096131314192
533.5803594586292
533.5803594586292
534.5512136362614
534.7915481755485
535.7620740589987
536.7327081518323
537.94423502813
539.8851729766247
539.8851729766247
542.0673389902771
543.037751910491
544.2499425815312
545.4631059934302
546.4329785069712
548.6164416056084
549.5862079783299
550.8003267972887
551.7698795693726
553.9539692068286
555.1693435340247
556.3856576152912
557.3544653091064
558.5713920350737
558.5713920350737
559.5399896343424
561.7259118110896
561.7259118110896
562.9440469531586
564.1630969852602
565.1309582742747
566.35059812805
566.35059812805
567.3182528352141
567.3182528352141
568.5384771499639
568.5384771499639
569.7595984272665
569.7595984272665
570.7267297052066
570.7267297052066
570.7267297052066
570.7267297052066
571.693974080539
571.9484242482009
572.915351513642
572.915351513642
574.1376141658026
574.1376141658026
575.6187974692974
575.6187974692974
575.8784593992034
576.8439997087601
576.8439997087601
578.0700649575274
578.3320845327536
579.5601780660918
579.5601780660918
580.0913721130491
581.3226298708834
581.5917812349139
582.8250166216271
584.0590723548432
584.0590723548432
585.5681002240474
585.8438358470626
585.8438358470626
587.0817660258238
587.3601961318114
588.6000339789321
588.8811425067031
590.1228685621326
590.1228685621326
591.3653692938063
591.3653692938063
591.6502345136018
591.6502345136018
591.6502345136018
592.8945943420298
592.8945943420298
592.8945943420298
592.8945943420298
592.8945943420298
592.8945943420298
593.1820968303073
593.1820968303073
593.1820968303073
593.1820968303073
593.4711450441378
593.4711450441378
593.4711450441378
594.4282967692571
594.718420767341
594.718420767341
595.010083948163
595.9664420082728
596.2591718372138
597.5089957481812
598.7595510720477
599.353818708115
600.6071927641227
600.9076468143836
600.9076468143836
601.2096140282522
602.4657666623059
602.7702713306289
603.0762804156701
603.3837916285123
603.6928026736778
604.0033112492017
604.3153150467064
603.6795507551999
603.9950330921605
603.9950330921605
603.0464327064708
603.3639034612528
603.6828637620915
602.7354311802153
603.3788196481544
603.3788196481544
602.7569991298318
603.0829130393266
603.4103081651821
602.4657666623059
603.7391820977002
603.4583664180984
603.4583664180984
604.1274699928815
605.4056491312251
606.0825026347486
606.4231196120412
608.0476954976476
608.3921432760288
610.0229503879342
610.3711985341379
612.0081698801087
612.3601881246037
613.6489224304073
614.3590155601202
614.3590155601202
616.0081168296405
616.0081168296405
616.3675851308211
616.3675851308211
616.7284653719172
617.090755075783
617.090755075783
617.090755075783
616.5233166718027
616.5233166718027
616.5233166718027
616.8889689401165
616.8889689401165
616.8889689401165
616.3262123259078
616.6952245639657
616.6952245639657
616.6952245639657
617.0656367032602
617.0656367032602
617.4374462243119
616.5095295289441
616.883295283638
617.2584547821115
618.0129448482451
618.3922703268533
618.3922703268533
619.1550694292989
619.5385379457842
619.9233823626917
620.3096001191662
621.4764677765362
621.4764677765362
622.2611991760373
622.6556030423238
623.4484742141888
623.8469363553852
623.3305704038588
623.7323143785321
624.1354019762058
624.9455976323059
624.9455976323059
625.7611365369377
625.2591462745667
625.670839978978
626.4982043070834
626.9138696822714
626.422381464775
626.8412877276033
627.6830410326537
627.6830410326537
628.1058827936577
628.530031104322
629.3822368004995
629.3822368004995
630.2396369635918
630.6702783547041
631.1022104223689
631.5354305183519
631.9699359937939
633.7420610942594
634.1797852344397
634.6187832076829
635.0590523722971
635.943393707333
636.3874605929944
637.7272144106757
638.1763079275194
639.0782424711391
639.0782424711391
639.9851560778578
640.4404734243457
640.8970276105202
640.4662364246846
640.9258927520405
641.3867787848452
641.8488918740921
641.4265351542607
641.4265351542607
641.0070202423683
641.4740836542035
641.059279630207
641.059279630207
640.647328879158
641.119333665738
640.2382369087308
640.2382369087308
640.7121038344757
639.8320092024155
639.8320092024155
638.9522673877916
639.4286512191958
639.4286512191958
639.0281683932251
638.1504524796641
637.7538710192201
637.7538710192201
636.8775392491087
637.3601807455499
637.3601807455499
636.9693870195019
637.4550964577819
637.4550964577819
637.0690700387204
636.6859508423286
636.6859508423286
636.305744119916
636.7982412036013
635.9284550953826
635.5540889648968
636.0503124753576
635.1826508965748
634.3153789716911
633.9479473900045
633.9479473900045
632.2167349888803
631.3517244769353
630.4871132703665
629.6229030141772
628.7590953616497
627.8956919743915
627.0326945223829
626.1701046840227
625.3079241461761
624.4461546042221
622.7238553323616
621.8633290362119
621.003220603565
621.003220603565
620.1435317730889
620.1435317730889
619.2842642922553
619.7967408755874
618.9386076179123
618.5959909343093
618.2564192954247
617.9198977213795
617.9198977213795
617.5864311980955
617.2560246769568
616.9286830744701
616.6044112719272
615.7548213371942
615.4348056455696
615.1178748825301
614.2711127832725
613.4248120185554
613.1133663524226
613.1133663524226
612.2687318490141
610.5808709745172
609.7376485013862
607.2108365304427
606.3695243001581
605.528694613228
603.8484909312931
603.0091209923777
601.3318551349163
599.9483311086047
598.2725131576747
597.4353521511763
596.5986925899184
595.7625365865161
594.9268862641862
594.6427498927402
593.8088918162139
593.8088918162139
593.8088918162139
593.5292747624164
592.6972245590492
591.8656942246273
591.5919201611867
590.7622195096772
589.9330470485613
589.66515922174
589.66515922174
588.8378384580936
588.8378384580936
589.4005429247584
588.5745492288976
587.7490961286117
586.9241859047896
586.099820849657
585.2760032668348
585.2760032668348
583.6300197899351
582.8078585606066
581.9862541332054
581.1652088692165
578.9525023695812
578.1323377912707
577.3127402023968
575.920133351839
575.1008607192307
574.2821606144491
573.464035489585
572.0707998141489
571.2530087448117
570.4357983156386
569.619171025695
569.0421776986307
568.2253074265524
568.2253074265524
567.4090235447442
567.4090235447442
567.4090235447442
566.5933285876212
566.5933285876212
565.7782251023806
565.1990799709426
565.1990799709426
564.3837347053865
564.3837347053865
563.5689842423907
563.5689842423907
562.1743501797285
561.3599558215744
561.3599558215744
559.9651774887435
559.9651774887435
558.5704968936329
557.7562191495492
557.1759147701918
556.3613933406954
554.9666656656055
554.9666656656055
552.1775076911409
552.1775076911409
550.7830788976728
549.968180897768
547.9945255201004
545.78475610812
544.390484854392
542.9963167462556
541.0249532138051
539.6313556493915
538.2378656319156
538.2378656319156
536.269521789184
535.4512115963507
534.0580492792894
534.0580492792894
532.6649979114453
532.0911576036573
531.2720583655798
530.6985961918498
530.6985961918498
529.3061495958648
528.4865182764836
527.9138187242307
527.9138187242307
526.5216044950103
525.950568019467
524.5588622833476
524.5588622833476
523.9895037116679
522.5983161090361
522.0306504411403
521.4642844912775
521.4642844912775
520.0740331914294
520.0740331914294
518.1196772947346
517.5567601722539
516.1676084374144
516.1676084374144
515.046599833452
514.2178526655798
513.6584468301869
513.1003800427359
511.71281008002916
510.88256967722043
509.4948478640388
508.9381101862976
508.10727213847275
508.10727213847275
508.10727213847275
507.5509826608555
506.719843700639
506.1640050418441
504.7771785649585
503.9454335540704
503.9454335540704
503.39050447937535
502.5584543115358
502.5584543115358
502.0039840479356
501.1716272894945
500.61761854733
499.78495375511255
499.2314092682871
498.6792556343205
498.6792556343205
497.29367580937526
497.29367580937526
496.74339452075253
496.1945183091002
494.8100645702349
493.4257796264804
492.87929556839777
492.87929556839777
491.4956764814926
490.9511177296575
489.56817707036475
488.4843907434505
487.64331226830126
487.1026585844097
486.26124665656835
485.7211133973898
485.1824399130702
483.801612233775
483.801612233775
483.801612233775
483.26493768946244
481.88484101494623
481.88484101494623
480.5049427425279
479.97083244713946
479.97083244713946
478.5916840063145
478.5916840063145
478.5916840063145
477.2127408190188
477.2127408190188
477.2127408190188
476.68123520860354
476.68123520860354
475.3030612146318
475.3030612146318
474.77363027025837
474.77363027025837
474.24571690211394
474.24571690211394
474.24571690211394
472.8689036086006
472.8689036086006
472.34309564129336
471.8188211591394
470.4434078611369
470.4434078611369
469.9212700016887
469.9212700016887
468.5466892423849
468.0267086395818
467.5082886965749
466.1351735280229
465.6189429136233
465.1042893803496
464.5912181692633
464.0797345284536
464.0797345284536
464.0797345284536
462.2001730852121
462.2001730852121
461.6925383845834
461.1865132459968
460.6821029734062
461.5463140357639
461.0444664021031
461.0444664021031
460.5442432600803
460.5442432600803
460.04564990878896
460.4172021113025
460.4172021113025
459.9228196121606
459.43008173170375
459.43008173170375
460.3009884847088
459.3223269121587
459.3223269121587
459.2254348356589
459.2254348356589
458.26193383260625
458.26193383260625
457.30514976326253
456.8292897790158
457.23626277888326
456.7647096700882
456.29486080822784
455.82672146332095
455.3602969078442
454.89559241654564
454.43261326625753
453.97136473570663
453.5118521053226
453.9438291242651
453.9438291242651
453.4886988669067
453.4886988669067
453.03531871146646
453.03531871146646
453.47657050833396
453.47657050833396
453.9217994324573
453.4754679141971
454.37099379251754
453.9273069556402
453.9273069556402
454.38309827721366
454.38309827721366
454.84282999735194
454.4062059435368
453.97136473570663
454.440315112997
455.34272806315903
454.9131785297058
455.38994279628093
454.9648338058668
454.5415272557613
455.44813096553594
455.02747169813824
455.51728836565576
455.51728836565576
455.10108767173915
455.5974100014178
456.0975772792484
455.688490089447
456.195133687329
456.195133687329
456.7055944478894
457.62102224438945
457.62102224438945
458.1364425583278
458.6556442474027
459.5737155234185
459.5737155234185
461.01735325256465
461.93722517242537
461.93722517242537
462.85742945317406
463.7779641164509
464.3102411104024
465.2322000893747
466.1544808322666
467.07708143303284
468.0
468.5402864215627
469.46458865392606
469.46458865392606
470.3892005563053
470.9352397092407
470.9352397092407
471.8612084077266
471.4848884110709
471.4848884110709
472.4118965479172
472.0381340527479
472.5949640019453
472.5949640019453
473.5240226218729
473.1553656041533
473.1553656041533
473.7193261837646
473.7193261837646
474.2868330451521
475.2188969306671
475.2188969306671
475.79092046822416
475.79092046822416
476.366455578056
476.366455578056
477.30074376644336
477.30074376644336
478.81624868001296
478.81624868001296
479.75201927662584
479.75201927662584
480.68804853043724
480.68804853043724
481.27435003332556
482.2115718229914
483.14904532659483
484.0867690817422
485.0247416369602
485.61816275753114
485.61816275753114
486.5572936458768
487.4966666552706
487.4966666552706
488.0952775842028
488.0952775842028
489.03578601161695
489.03578601161695
489.97653005016474
489.97653005016474
489.97653005016474
490.5802686615107
490.5802686615107
491.5221256464453
491.5221256464453
492.4642118976769
492.4642118976769
493.07301690520444
494.01619406655084
494.9595943104851
495.90321636383845
496.84705896281605
497.7911208529136
498.73540078883514
499.6798975344115
499.6798975344115
499.6798975344115
500.62460986251966
502.5146764025903
503.4600282048218
504.4055907699676
505.35136291495246
506.2973434652803
507.24353125495844
508.1899251264236
509.136523930468
510.08332652616673
510.08332652616673
511.03033178080534
511.97753856980876
511.97753856980876
512.9249457766701
513.8725522928813
513.8725522928813
514.8203570178631
514.8203570178631
515.768358858897
515.768358858897
516.7165567310574
517.6649495571436
517.6649495571436
517.6649495571436
518.6135362676142
519.5623158005207
520.5112871014422
520.5112871014422
521.7758139277826
521.7758139277826
521.7758139277826
522.092903610076
523.0411073711128
523.0411073711128
524.3071618812774
525.255176081112
526.5216044950103
527.4694303938381
528.7362291350953
528.7362291350953
530.0037735714718
530.0037735714718
531.2720583655798
532.5410782277739
533.8108279156578
533.8108279156578
535.0813022335951
535.0813022335951
536.3524960322269
536.3524960322269
537.2978689702761
537.6244042079935
537.6244042079935
538.5694012845513
538.8970217026626
538.8970217026626
539.8416434474095
541.114590451967
541.114590451967
541.114590451967
542.3882373355823
542.3882373355823
542.3882373355823
543.3323108374836
543.6625791794024
543.6625791794024
543.6625791794024
543.9944852661652
543.9944852661652
544.9376111079139
544.9376111079139
546.2133282884994
546.5473447012619
547.8247895084705
549.440624635638
551.0607951941419
551.7463185196617
553.0298364464616
553.7237578432047
555.3602434456395
556.0656436069396
556.4207041439058
557.7113948988311
558.4281511528587
558.7888688941468
559.1511423577707
559.5149685218439
559.8803443593997
559.8803443593997
560.2472668384916
559.6865194017093
559.6865194017093
560.0571399419885
560.0571399419885
560.4292997336952
559.5015638941503
559.5015638941503
559.8758791017881
559.8758791017881
559.8758791017881
559.8758791017881
560.2517291361089
560.2517291361089
560.2517291361089
560.2517291361089
560.6291109102344
560.6291109102344
561.0080213330288
561.0080213330288
561.388457309197
562.1538935202708
562.9253947016425
563.3134118765503
564.0939638039039
564.4864923096035
564.3580423808985
564.7556993957653
565.5554791530182
565.9575955846869
566.7662657568815
565.8524542670112
566.2596577542851
565.7561312084916
566.1669365125449
565.6686309138947
566.0830327787612
566.0830327787612
565.5899574780302
565.5899574780302
565.5899574780302
566.007950474196
566.007950474196
566.007950474196
566.4274004671737
565.9416931098115
566.3647234777251
567.2151267376427
567.6424931239733
568.0712983420303
568.5015391359992
568.0316892568583
568.9006943219529
569.3373340999166
569.3171348203039
569.7587208634898
569.3057175191551
569.3030827248347
569.7517003046152
569.3092305592805
569.3092305592805
568.8699324098611
568.8699324098611
568.4338132095944
567.5438309064772
567.5438309064772
566.6542155494831
565.7649688695828
564.8760926079276
563.0994583552714
561.7517245189373
560.8636197864861
559.5158621522718
558.627783054155
557.280001435544
557.280001435544
557.280001435544
555.932549865539
555.0441423886932
553.6966678606618
552.8082850319811
551.9202840990716
551.9202840990716
550.5724293859982
550.5724293859982
549.6844549375578
548.7968658802636
548.7968658802636
547.9096640870646
547.4486277268397
546.5610670364291
546.5610670364291
545.6738952891186
545.6738952891186
545.6738952891186
544.7871143850596
543.9007262359556
543.9007262359556
542.5513800553824
541.6650256385399
541.6650256385399
540.7790676422304
539.4293280866364
538.9666037891402
538.0799197145346
536.7308450238351
536.7308450238351
535.3821065370041
534.9214895664596
533.5737999564822
533.5737999564822
532.2264555619158
532.2264555619158
530.879459011177
530.879459011177
530.4224731287316
530.4224731287316
529.0765540070737
529.0765540070737
528.6217929673351
528.6217929673351
527.7309920783505
527.7309920783505
527.2769670675934
527.2769670675934
527.2769670675934
527.2769670675934
526.8244489391129
526.8244489391129
526.8244489391129
526.8244489391129
526.8244489391129
526.8244489391129
527.7167801008416
527.2665360138077
527.2665360138077
527.2665360138077
528.1600136322324
528.1600136322324
528.1600136322324
528.1600136322324
527.7120426899504
527.7120426899504
527.7120426899504
527.7120426899504
527.2655877259581
527.2655877259581
526.8206525944099
526.8206525944099
526.3772411493491
526.3772411493491
526.3772411493491
525.9353572445953
525.9353572445953
525.9353572445953
525.9353572445953
525.9353572445953
525.4950047336321
525.4950047336321
525.4950047336321
