378.4019027436305
383.105729531679
383.105729531679
383.105729531679
383.7251620626409
381.5363678602605
374.6811978202269
374.0655022853618
373.2773767588923
373.2773767588923
373.2773767588923
372.6620452903676
372.6620452903676
372.6620452903676
371.8736344512743
371.8736344512743
371.8736344512743
371.8736344512743
371.8736344512743
371.8736344512743
371.8736344512743
371.8736344512743
371.8736344512743
371.8736344512743
371.8736344512743
371.8736344512743
371.8736344512743
371.8736344512743
371.8736344512743
371.8736344512743
372.4902683292545
373.10856328956055
373.10856328956055
373.10856328956055
373.72851108792867
372.9450361648483
372.9450361648483
372.9450361648483
372.9450361648483
373.5679322425842
373.5679322425842
373.5679322425842
373.5679322425842
373.5679322425842
372.7868023414992
373.41264038594085
373.41264038594085
373.41264038594085
373.41264038594085
373.41264038594085
373.41264038594085
373.41264038594085
373.41264038594085
372.7868023414992
372.0067203694041
371.3812057711052
371.3812057711052
370.7573330360439
370.1351104664349
368.8956492017763
368.8956492017763
368.27842728023046
368.27842728023046
368.27842728023046
368.4521678590045
368.4521678590045
367.83963897328954
367.83963897328954
367.22881150585124
368.021738488367
367.41393550054687
367.41393550054687
367.6044069376753
367.6044069376753
367.6044069376753
367.0013623952914
367.8002175094517
367.8002175094517
367.8002175094517
368.00135869314397
368.00135869314397
368.00135869314397
367.40440933663274
367.40440933663274
368.2078217528791
368.2078217528791
367.6139279189514
367.6139279189514
367.8287645087045
367.8287645087045
367.8287645087045
367.23970373585695
366.6524239658044
366.6524239658044
366.6524239658044
366.6524239658044
366.06693377031473
366.06693377031473
365.48324174987835
365.48324174987835
364.9013565335158
364.3212867785795
363.7430411705494
363.7430411705494
362.59205727649356
362.59205727649356
362.0193365001378
361.4484748895754
361.4484748895754
361.4484748895754
360.8794812676387
361.13709308239163
361.13709308239163
360.5731548521049
360.83929941180185
360.2804463192528
360.2804463192528
360.5551275463989
360.0013888862097
360.83514241270905
361.1204785109812
361.1204785109812
360.5731548521049
361.41112323778856
361.41112323778856
361.7070637961056
362.5479278660961
362.5479278660961
362.5479278660961
362.85120917533123
362.85120917533123
362.85120917533123
363.69492710237245
363.1597444651596
364.0054944640259
364.0054944640259
364.0054944640259
364.0054944640259
364.3212867785795
364.3212867785795
363.79252328765637
363.79252328765637
363.79252328765637
363.79252328765637
363.79252328765637
363.2657429486023
362.74095440134687
362.74095440134687
362.2181663031273
361.69738732813653
361.69738732813653
361.178626167164
360.6618915272308
360.6618915272308
360.14719213121737
359.63453671748493
359.63453671748493
359.12393403949005
359.12393403949005
359.477398455035
358.9721437660588
358.9721437660588
359.3341063689891
358.83422356291493
358.83422356291493
358.33643409511126
358.71018942873644
358.71018942873644
359.58031091815917
359.0891254271006
359.9611090104041
359.4732257067277
360.347054934545
360.7381321679204
360.7381321679204
361.13432404023854
362.01243072579706
361.53561373673824
361.53561373673824
361.9419843013518
362.8236486228537
362.8236486228537
363.23683733894615
363.23683733894615
363.6550563377333
363.6550563377333
364.0782882842645
364.0782882842645
364.9657518178932
364.5065157167976
364.939721049929
364.939721049929
364.4859393721519
364.0343390396021
364.9273900380732
364.47908033246574
364.0329655402104
364.4859393721519
364.4859393721519
364.04532684818247
364.04532684818247
363.60693062701654
363.1707587347858
362.30512003006527
362.30512003006527
361.8756692567214
361.4484748895754
361.0235449385538
361.0235449385538
361.08863177895813
361.08863177895813
360.67159577654576
360.25685281476603
360.25685281476603
360.25685281476603
359.844410822233
360.347054934545
360.347054934545
360.347054934545
359.94027282314494
360.85454133209964
360.85454133209964
361.3668496140729
361.3668496140729
361.3668496140729
361.3668496140729
362.28303852098844
362.28303852098844
362.80159867343474
362.80159867343474
363.719672275229
363.719672275229
363.719672275229
363.719672275229
364.63817682738596
364.63817682738596
364.63817682738596
364.2444234302016
365.1643465619282
365.1643465619282
366.08468965527635
366.08468965527635
366.08468965527635
366.61696632861936
366.61696632861936
366.23080154459973
366.23080154459973
366.77104574925215
366.77104574925215
366.3905020603018
366.3905020603018
366.3905020603018
366.9386869764484
366.5637734419483
366.5637734419483
366.1912068851463
365.8209944768069
365.8209944768069
366.3836786757838
366.3836786757838
366.3836786757838
366.0191251833707
365.65694304908254
365.65694304908254
366.23080154459973
366.23080154459973
365.8742953529258
365.8742953529258
366.4560000873229
366.4560000873229
366.1051761447795
366.1051761447795
367.04223190254277
366.69469589837263
366.69469589837263
367.6329691417787
367.2887147735416
368.2281901212888
368.2281901212888
368.8278731332544
368.8278731332544
369.7688467137274
370.7101293463668
370.7101293463668
370.7101293463668
371.6517186829626
371.6517186829626
372.2593182178251
372.2593182178251
373.2023579775455
373.2023579775455
374.1456935473132
374.1456935473132
375.0893226952748
374.7599231508086
375.7046712512369
375.7046712512369
376.64970463283254
376.3243282064023
376.3243282064023
377.27046001509314
376.9482723133242
376.9482723133242
376.9482723133242
376.6284641393956
376.6284641393956
377.5764823184834
377.5764823184834
377.25985739275256
378.2089369647417
377.89548819746443
378.8456149937597
378.53533520663564
378.53533520663564
379.17937707633837
378.87464945546304
378.87464945546304
379.52602018833966
379.2268450413288
379.8855090681928
379.5918861092792
379.5918861092792
380.2578072834271
379.969735636932
379.969735636932
380.64287724847816
380.3603554525629
381.3200755271088
382.00130889828114
381.72503192743335
381.72503192743335
382.1426435246399
382.1426435246399
383.105729531679
383.80203230311326
383.5374818710682
384.50227567597045
385.20643816011176
384.94804844290354
385.91449830240896
386.62643468857635
386.62643468857635
387.3422259449646
388.3104428160541
388.0618507403169
389.03084710598466
390.0
389.7550512822124
390.72496720839325
391.69503443367773
391.69503443367773
391.4537009660274
391.4537009660274
392.4245150344203
392.4245150344203
393.3954753171419
393.3954753171419
393.3954753171419
393.3954753171419
394.1294203684876
394.1294203684876
394.1294203684876
394.1294203684876
394.1294203684876
395.1012528453941
395.1012528453941
395.1012528453941
395.8396139852604
395.8396139852604
395.8396139852604
395.8396139852604
395.60839222645416
395.60839222645416
396.5816435489671
396.35337768208814
397.32732098359406
397.10200200955927
398.07662578955825
397.85424466756666
398.82953752198443
398.82953752198443
399.58603579204316
399.58603579204316
400.3461002682554
400.3461002682554
400.13247806195386
401.10971067776455
401.10971067776455
401.8768468075761
401.8768468075761
401.8768468075761
402.6474885057648
402.6474885057648
402.4425424827748
403.4216156826503
404.40079129497263
404.40079129497263
405.1789728009093
405.1789728009093
405.1789728009093
405.9605892201853
405.9605892201853
405.9605892201853
406.94102766862915
406.94102766862915
407.9215610874228
407.9215610874228
407.9215610874228
408.90218879335924
408.90218879335924
408.90218879335924
409.68890636676997
409.68890636676997
409.68890636676997
409.68890636676997
410.67018396762137
410.67018396762137
411.6515516793299
411.6515516793299
411.6515516793299
412.6330088589617
412.6330088589617
412.6330088589617
412.4427232962172
413.42472107990835
413.42472107990835
413.42472107990835
414.2197484427801
414.2197484427801
415.20236030157633
415.0180718956706
416.0012019213406
415.81967245429837
416.80331092734855
416.6245312028566
417.6086684924057
417.43262929483603
418.4172558583119
418.4172558583119
418.2439479538228
419.22905433664783
419.0584684742691
420.04404530953656
420.04404530953656
421.02969016448236
420.86221023037933
421.8483139707921
421.8483139707921
422.8344829835902
422.8344829835902
423.65670064333926
423.65670064333926
424.6433797906191
424.6433797906191
425.46915281839176
425.46915281839176
426.4563283620024
427.4435635262274
427.4435635262274
427.4435635262274
428.43085789891467
428.43085789891467
429.4182110716778
429.4182110716778
430.4056226398535
430.4056226398535
431.3930922024598
431.3930922024598
432.3806193621541
432.3806193621541
432.3806193621541
433.36820372519253
433.36820372519253
434.35584490138956
434.20041455530645
435.1884649206594
435.1884649206594
435.1884649206594
436.1765697512878
436.1765697512878
436.02408190374075
437.01258563112344
437.01258563112344
437.01258563112344
437.8515730244668
437.8515730244668
438.8405177282517
438.8405177282517
438.8405177282517
439.682840238279
439.682840238279
439.682840238279
439.5383942273985
440.52809218028307
440.38619415235985
441.37625672435075
441.37625672435075
441.37625672435075
441.23689782247357
441.23689782247357
442.2273171119125
442.2273171119125
442.2273171119125
442.0904884749275
443.08125665615785
443.08125665615785
443.08125665615785
444.07206622349037
444.07206622349037
444.07206622349037
443.9380587424331
444.92920785221554
444.92920785221554
444.92920785221554
445.92039648349794
445.92039648349794
445.92039648349794
446.9116243733206
446.9116243733206
447.9028912610411
447.9028912610411
447.9028912610411
448.7638577247504
448.7638577247504
449.7554891271478
450.7471575062898
450.7471575062898
450.7471575062898
451.73886261865937
451.73886261865937
451.73886261865937
452.73060422286454
452.73060422286454
452.73060422286454
452.73060422286454
452.73060422286454
452.73060422286454
453.5956348996317
453.5956348996317
453.5956348996317
454.58772530722825
454.46341987007054
454.46341987007054
454.46341987007054
454.46341987007054
455.45581563967323
455.45581563967323
455.45581563967323
455.45581563967323
455.45581563967323
455.3339433866094
456.32663739913323
456.32663739913323
456.32663739913323
456.32663739913323
456.32663739913323
456.32663739913323
457.31936324629856
457.31936324629856
457.31936324629856
457.31936324629856
457.31936324629856
457.31936324629856
457.31936324629856
458.31212072123947
458.31212072123947
458.31212072123947
458.31212072123947
459.3049096188718
459.3049096188718
459.3049096188718
459.3049096188718
459.42572849155937
460.41828808160955
460.41828808160955
461.41087980237313
461.41087980237313
462.4035034469354
462.4035034469354
462.4035034469354
463.3961588101481
463.3961588101481
463.3961588101481
464.51049503751796
464.3888456886104
464.3888456886104
464.3888456886104
465.3815638806505
465.3815638806505
466.37431318630746
466.37431318630746
466.37431318630746
466.37431318630746
467.36709340731295
467.36709340731295
467.36709340731295
467.36709340731295
468.35990434707367
468.35990434707367
468.35990434707367
468.35990434707367
468.35990434707367
469.3527458106536
469.3527458106536
469.3527458106536
469.3527458106536
470.3456176047567
470.3456176047567
470.3456176047567
471.3385195377098
471.3385195377098
471.3385195377098
472.451055666087
472.451055666087
472.451055666087
473.44376646017844
473.44376646017844
474.55768880084537
474.55768880084537
474.55768880084537
475.5502076542497
475.6732071496144
475.6732071496144
475.6732071496144
476.66550116407626
476.66550116407626
476.7903103042259
477.7823772388429
478.77447718106276
478.77447718106276
479.7666099261181
480.88460154178364
480.88460154178364
481.87654020506125
481.87654020506125
481.87654020506125
482.86851212312445
482.86851212312445
482.86851212312445
483.8605170914444
483.8605170914444
483.8605170914444
483.8605170914444
484.8525549071594
485.7200839990045
485.7200839990045
485.7200839990045
486.7124407697013
486.7124407697013
486.7124407697013
487.70482876428446
487.70482876428446
487.70482876428446
488.6972477925367
488.6972477925367
489.6896976657769
490.68217819684463
490.68217819684463
490.68217819684463
491.7977226462115
491.7977226462115
492.7900161326323
492.7900161326323
493.7823407129907
493.7823407129907
494.8989795907848
494.8989795907848
494.8989795907848
495.8911170811593
496.01713680073595
497.00905424348156
497.00905424348156
498.1284974783113
498.1284974783113
498.2579653151568
498.2579653151568
499.24943665466463
500.371861718862
500.371861718862
500.371861718862
501.3631418443123
501.3631418443123
501.49576269396334
502.4868157474383
502.4868157474383
502.4868157474383
502.4868157474383
503.47790418249735
503.6119537898202
504.6028141023393
504.6028141023393
504.6028141023393
504.6028141023393
505.5937104039171
505.5937104039171
505.5937104039171
505.5937104039171
506.719843700639
506.719843700639
506.719843700639
506.719843700639
507.71054745789945
507.71054745789945
508.701287594203
508.701287594203
508.701287594203
508.701287594203
508.701287594203
509.69206389740856
509.69206389740856
509.69206389740856
510.6828761570139
510.6828761570139
510.6828761570139
510.6828761570139
511.8095348857815
511.8095348857815
511.8095348857815
512.8001560062165
512.8001560062165
512.8001560062165
512.8001560062165
513.9280105228747
513.9280105228747
514.9184401436795
515.9089066879927
515.9089066879927
515.9089066879927
516.8994099435595
517.8899496997408
517.8899496997408
518.880525747498
518.880525747498
518.880525747498
519.8711378793787
520.8617858895007
520.8617858895007
521.8524695735376
521.8524695735376
521.8524695735376
522.8431887287048
522.8431887287048
523.6993412254783
524.6903848937962
524.6903848937962
524.6903848937962
525.6814624846495
525.6814624846495
525.6814624846495
526.672573806535
526.672573806535
526.672573806535
526.5405967254567
526.5405967254567
527.5319895513446
527.5319895513446
528.5234148077075
528.5234148077075
529.5148723123837
529.5148723123837
529.5148723123837
530.5063618845678
530.5063618845678
531.4978833447975
531.4978833447975
531.4978833447975
531.4978833447975
532.4894365149415
532.4894365149415
533.4810212181873
533.6112817398073
533.6112817398073
534.7345135672467
534.7345135672467
535.859123277751
536.8500721803063
536.8500721803063
536.9851022142049
537.9758358885648
537.9758358885648
538.1124417814552
539.2411334458825
539.2411334458825
539.3811268481685
540.3711687349723
540.5127195543135
541.5025392368904
541.6456406175536
541.6456406175536
542.779881720021
542.779881720021
543.7692525327265
543.9154346035788
543.9154346035788
545.0522910693982
545.0522910693982
545.0522910693982
546.0412072362304
546.0412072362304
546.1904429775387
546.1904429775387
547.1791297189615
547.1791297189615
548.3183381941552
548.3183381941552
548.4706008529537
549.4588246629587
550.4470910087545
550.600581183856
551.5886148208644
551.5886148208644
551.7435998722596
552.7313995061254
552.7313995061254
553.7192429381519
553.7192429381519
553.7192429381519
554.8630461654479
555.850699378889
556.0080934662732
556.9955116515752
556.9955116515752
557.9829746506608
557.9829746506608
557.9829746506608
559.128786595718
560.1160594019779
560.2758249291147
561.2628617679954
561.2628617679954
561.4240821339961
562.4108818292904
562.5735507469224
563.5601121442148
564.5467208300832
564.7105453238854
564.7105453238854
565.6969153177345
565.6969153177345
566.8483042225671
566.8483042225671
566.8483042225671
568.000880281008
568.000880281008
568.9868188279936
569.1546362808617
570.1403336021755
570.1403336021755
571.2950201078248
571.2950201078248
571.2950201078248
571.2950201078248
571.2950201078248
572.4508712544684
572.4508712544684
572.6229125698692
572.6229125698692
573.6078800016611
573.6078800016611
574.7660393586247
574.7660393586247
574.7660393586247
574.9408665245496
574.9408665245496
574.9408665245496
575.9253423838892
575.9253423838892
576.1015535476363
576.1015535476363
576.1015535476363
577.2633714345645
577.4426378437948
577.4426378437948
577.6235798510999
578.6069477633326
578.6069477633326
578.7892535284324
578.7892535284324
578.7892535284324
578.9732290874941
578.9732290874941
580.141362083415
580.141362083415
580.141362083415
580.3283553299804
581.4989251924719
581.4989251924719
581.6889203001894
581.6889203001894
582.8619047424527
583.0548859241297
583.0548859241297
584.4262143333408
584.4262143333408
584.6238106680227
585.8028678659741
585.8028678659741
586.0034129593445
586.2055953332414
587.3882872512867
587.5933968315164
587.5933968315164
588.7783963428006
588.9864175004378
589.9644057059713
590.1737032433756
591.1514188429222
591.3619872802107
592.5512636050994
592.7647088010553
593.7415262553227
594.9327693109533
595.1487209093203
596.3421836496224
596.3421836496224
597.5366097570926
598.5123223459982
598.7319934661919
599.7074286683466
600.903486426897
600.903486426897
602.100489951636
602.100489951636
603.0754513325841
604.2731170588346
605.2478831024525
605.4717169282146
606.4462053636745
607.420776727303
607.6454558375303
608.6197499260109
608.6197499260109
610.7937458749885
610.7937458749885
610.7937458749885
611.7679298557583
612.9681884078487
613.9421796879573
613.9421796879573
615.1430727887619
615.1430727887619
616.1168720299745
616.1168720299745
617.3183943476819
617.3183943476819
618.5208161412193
619.4941484792249
619.4941484792249
620.6971886516001
620.6971886516001
620.9283372499599
621.9011175420093
622.873984044927
624.0785207007208
624.3116209073798
625.2839355045035
625.2839355045035
626.4902233874045
626.4902233874045
626.7256177945816
627.9339137202259
627.9339137202259
629.3822368004995
630.353075664742
630.5933713574858
631.5639318390498
631.805349771589
632.7756316420537
633.0181671958554
633.9881702366378
634.2318188170632
635.201542819285
635.4462998554637
636.661605564526
636.661605564526
637.8777312306803
637.8777312306803
639.094672173067
639.094672173067
639.3441952501016
640.3124237432849
640.5630335884206
640.5630335884206
641.7826734962545
642.0358245456401
642.0358245456401
643.2573357529628
643.2573357529628
644.2243398071823
644.4796350545143
645.7027179747658
645.7027179747658
645.9605251097005
645.9605251097005
647.1854448301507
647.1854448301507
647.1854448301507
648.411135006178
648.411135006178
648.411135006178
648.6724905528213
648.6724905528213
648.9352818270863
649.8999923065087
649.8999923065087
650.1638255086175
650.1638255086175
650.1638255086175
650.429089140392
651.3931224690663
651.3931224690663
651.6594202495656
651.6594202495656
651.6594202495656
651.9271431686212
651.9271431686212
652.8904961783408
653.1592455136803
653.1592455136803
653.1592455136803
653.1592455136803
653.1592455136803
653.4294147036848
653.4294147036848
653.4294147036848
653.4294147036848
653.7010019879119
654.6632722247369
654.6632722247369
654.9358747236251
654.9358747236251
655.2098900352466
655.2098900352466
655.4853163877891
655.4853163877891
655.4853163877891
655.4853163877891
655.7621520033007
656.7229248320787
657.0007610345668
657.0007610345668
657.2800012171373
657.5606435911444
658.8019429236681
658.8019429236681
658.8019429236681
659.0849717600911
659.3693957107806
659.3693957107806
659.9424217308658
659.9424217308658
660.2310201739994
660.2310201739994
660.5210064789765
660.5210064789765
661.7688418171408
661.7688418171408
662.0611754211237
662.3548897683174
662.3548897683174
662.6499830227116
662.9464533429529
662.9464533429529
663.2442988823952
663.2442988823952
663.54351778915
663.844108206136
663.844108206136
663.844108206136
664.1460682711296
664.1460682711296
664.4493961168149
664.7540898708334
664.7540898708334
665.0601476558342
665.0601476558342
665.0601476558342
665.3675675895241
665.3675675895241
665.6763477847173
665.6763477847173
665.9864863493854
666.2979813867066
666.2979813867066
667.5604841510618
667.5604841510618
667.5604841510618
667.8742396589346
668.1893444226719
669.4542553453522
669.7716028617517
669.7716028617517
671.0380019045122
671.3575798335787
671.3575798335787
671.6784945195134
671.6784945195134
672.9472490470557
673.2703765947228
673.5948337094043
674.5405843980035
674.8659126078305
674.8659126078305
675.1925651249427
675.1925651249427
675.1925651249427
676.4650767038902
676.7939125021737
676.7939125021737
677.1240654414817
677.1240654414817
677.4555335961173
677.4555335961173
677.4555335961173
677.7883150364869
677.7883150364869
677.7883150364869
678.122407829147
678.122407829147
678.122407829147
678.4578100368511
678.4578100368511
678.4578100368511
678.4578100368511
678.7945197185965
678.7945197185965
678.7945197185965
678.7945197185965
679.1325349296704
679.1325349296704
679.1325349296704
680.4123749609497
680.4123749609497
680.4123749609497
680.4123749609497
680.7525247841538
681.0939729582108
681.0939729582108
681.4367175314227
682.7195617528474
683.0644186312152
683.0644186312152
683.4105647412835
683.4105647412835
683.7579981250676
684.1067168212866
684.4567188654079
684.8080022896929
684.8080022896929
685.1605651232418
685.5144053920384
685.8695211189953
686.2259103239982
686.2259103239982
686.5835710239504
685.6500565157127
685.6500565157127
686.0094751532226
686.3701625216528
685.4378162897054
685.8002624671414
685.8002624671414
685.2328071538899
685.2328071538899
685.2328071538899
684.6678026605312
684.6678026605312
684.6678026605312
684.1052550594828
684.1052550594828
683.5451704167033
683.5451704167033
683.5451704167033
682.9875547914471
682.9875547914471
682.9875547914471
682.432414236018
682.432414236018
682.432414236018
682.8067076413354
681.8797547955211
682.2558171243394
682.6331371974261
682.6331371974261
682.086504777803
682.4668490117303
682.4668490117303
682.8484458501755
681.9244826225262
682.692463705291
683.0783264018849
683.4654343856754
682.9326467522255
683.3227641459049
684.1067168212866
684.1067168212866
684.5005478449232
684.3741666661593
684.7722249040187
685.1715113750716
685.5720239332991
684.6561180621992
685.4618880725609
684.9525531013079
685.3590299981463
685.2634529872435
685.2634529872435
685.6741208475058
685.1751600868205
685.1751600868205
686.0036443051888
685.5107584859628
685.5107584859628
685.0204376513157
685.0204376513157
685.440004668534
685.8607730436258
684.9540130548911
685.3765388456188
685.3765388456188
685.8002624671414
685.3203630419864
685.3203630419864
685.7470379082946
685.7470379082946
685.7470379082946
685.2714790504564
685.7011010637215
685.7011010637215
686.1319115155627
686.1319115155627
686.0962031668737
686.5311354920474
686.5311354920474
686.9672481275945
686.06778090798
686.9446848182174
686.4874361559722
686.9293995746579
687.3725336380556
686.476510887299
686.9213928827664
686.4728690924354
686.4728690924354
685.5836929215864
686.0349845306724
685.5960910040255
685.1598353669018
685.1598353669018
684.7262226612911
684.2952579113785
683.4069066083543
682.9795018885999
682.9795018885999
681.6685411547169
681.2473853160833
681.2473853160833
680.3624034292312
679.94485070482
679.0611165425391
678.6471837413017
678.6471837413017
678.2359471452394
678.2359471452394
677.8274116617002
677.4215821775979
676.5419425283254
676.1397784482141
676.61806065165
676.2203782791524
676.7015590347047
677.1838745865114
676.7924349458998
676.7924349458998
676.8906854138266
676.8906854138266
677.3787714417983
677.4872692530835
677.9793507179994
677.6031286822692
678.0980755023568
678.0980755023568
678.2241517374621
677.8569170555096
678.3575753244007
677.9948377384595
678.4983419287037
678.1401035184397
678.1401035184397
677.7846265592043
678.2927096762871
677.941737909682
677.941737909682
677.5935359786131
677.2481081553495
677.7624952739714
676.9054586868095
676.5655917943211
676.5655917943211
676.228511673384
676.228511673384
675.3739704785786
674.1876593352922
674.1876593352922
673.3349834963278
673.0066864452389
672.1554879639085
671.8310799598363
670.9813708293249
670.6608680995187
669.8126603760189
669.4960791520739
668.6493849544768
668.3367414709444
668.0269455643238
667.1828834734896
667.1828834734896
666.03453363921
666.03453363921
665.7326790837295
665.4336931655926
665.1375797532418
664.8443426848122
664.8443426848122
664.2665127793211
663.9819274648972
664.5336710807061
664.808243029522
663.9766562161655
664.2604910725912
663.990963793936
663.7243403703077
663.4606243026032
664.0248489326284
663.7657719406749
663.509608069092
662.6869547531473
662.4349024621212
661.6139357661687
661.366010617419
661.1210176662061
660.878960173495
660.0621182888774
659.2457811772481
658.4299507160955
658.1945001289513
657.3804073746038
655.7537647623535
656.3368037829358
654.7136778775895
653.9028979902139
653.0926427391446
652.282914079466
651.4737139747083
650.6650443968847
649.0493047527283
648.2422386731677
647.4357110941595
647.4357110941595
645.8242795064305
645.0193795538239
645.0193795538239
644.8100495494778
644.8100495494778
644.0069875397315
643.204477596355
642.4025217883254
641.6011221935323
641.6011221935323
640.8002808988149
640.0
639.2002816019404
638.205296123434
638.205296123434
637.4080325819561
636.4212441457308
636.4212441457308
634.8322613100252
634.8322613100252
633.2456079595025
633.0639778095102
632.2728841252011
630.6924765684145
629.9031671614297
628.3263483254542
626.7519445522287
626.5843917621951
625.0151998151725
624.2315275600873
622.6660421124634
621.1030510309863
620.3224967708329
619.5425731941268
618.1367162691438
616.578462160332
615.0227638063488
614.245879107056
613.4696406506193
612.694050893266
611.1448273527315
610.3711985341379
608.8259192905637
608.8259192905637
608.0542738933754
605.875399731661
605.875399731661
604.3351719038037
603.5660692915068
602.7976443218736
602.0298995897131
602.0298995897131
601.2628377007845
599.8541489395568
599.8541489395568
599.0876396655167
598.3218197592329
597.5566918711563
597.5566918711563
596.7922586629287
596.028522807424
595.3830699642039
594.6192058788549
593.8560431619771
593.0935845210265
590.9221606946214
590.1609949835722
589.4005429247584
588.6408072840346
587.9906461841039
586.4716531939118
585.7132404171857
583.5451996203893
582.7881261659335
582.0317860735786
580.6212190404343
579.865501646718
579.1105248568705
577.6997490046192
576.9454046961463
576.191808341632
574.7808277943864
574.027873887671
573.2756753953546
571.1129485487087
570.3621656456536
568.9507887330855
568.2006687782055
568.2006687782055
568.2006687782055
567.4513194979812
567.4513194979812
566.0397512542737
565.2910754646672
564.543178153806
563.8794197343967
563.1314233817893
562.3842103046635
562.3842103046635
560.9723700860854
560.3079510412109
559.5605418540517
558.8962336605964
558.1487256995217
557.402009325406
556.7369217143766
555.3251299914313
553.9133506244456
552.5015837081374
551.0898293381941
548.9307788783573
547.5189494437612
546.1071323467585
546.1071323467585
542.5366347077403
541.1247545621989
539.7128866351071
538.9666037891402
536.8090908321133
533.9850185164374
533.2400960167943
531.0837975310487
528.9281614737487
527.5158765383275
526.10360196448
525.3608283836929
523.2064602047647
520.3815907581666
518.9691705679635
518.2277491605404
516.0746070094905
514.662025022247
513.9221730962773
513.2494520211395
511.8368880805681
511.09685970469434
511.09685970469434
510.42433327575594
509.6842159612165
508.27158094861056
508.27158094861056
506.8589547398763
506.8589547398763
506.8589547398763
506.119551094403
505.4463374088292
505.4463374088292
504.7742069480175
504.03372903011166
503.3616989799681
503.3616989799681
501.94920061695484
501.94920061695484
501.27836578093013
499.8659820391862
499.1963541533532
497.78408974172726
497.1156807021883
495.7035404352081
495.036362300791
493.6243511011182
492.21235254715015
490.80036674802926
490.1346753699436
488.72282533149604
487.3109889998378
486.6466890876789
485.2349946160108
483.8233148578105
483.16042884325697
481.74889724834867
481.74889724834867
480.33738143101044
478.92588153074377
478.92588153074377
477.51439768869795
476.85322689481717
475.44189971015385
474.78205526325445
474.12340165826026
473.4659438650261
472.8096868720014
472.15463568623363
471.5007953333695
470.1967673219373
469.5465898076569
468.24993326214155
467.60346448673795
466.3142717095414
465.67155807500205
465.79823958447935
464.52125893224735
463.8846839463446
463.24939287601876
462.61539101071855
461.98268365816483
461.351276144328
460.7211738134031
460.09238202778363
458.8387516328585
458.21392383907323
457.5904282215702
456.18526938076377
455.56338746655223
455.56338746655223
454.3236731670495
453.70585184676645
452.30189033432083
451.68573145495753
450.2821337783679
449.6676550520395
448.26443088873333
446.8612760130374
446.24880952222156
445.6377452595325
444.846040782651
444.2352980122133
442.8329256051316
442.2239251781839
440.82195952561165
440.82195952561165
440.82195952561165
439.6089171070123
439.6089171070123
439.00455578501686
438.4016423326902
437.80018273180286
437.2001829825784
437.2001829825784
436.6016491036194
436.0045871318328
436.0045871318328
436.0045871318328
436.0045871318328
435.40900312235163
435.40900312235163
434.222293301484
433.6311796907598
433.0415684434925
433.26319945271143
432.67770915544054
432.67770915544054
432.09373982968094
430.69827025424655
430.69827025424655
430.11626335213134
429.5357959472062
429.5357959472062
428.37950464512187
427.80369329869046
426.4106002434742
426.4106002434742
425.8368232081392
424.69400749245335
423.30249231489296
422.1670285562339
421.6017077764273
420.2118513321584
419.64866257382494
419.08710311819425
416.58132459341
416.58132459341
415.47081726638754
414.9180642006323
414.36698710201324
413.81759266614074
413.26988760373047
412.7238786404295
412.1795725166399
411.6369759873377
411.0960958218893
410.55693880386434
410.8637243661212
410.8637243661212
410.3291361821629
409.79629085681097
409.79629085681097
410.11339895204594
410.11339895204594
410.11339895204594
410.43513494826436
409.90974616371346
409.90974616371346
409.90974616371346
410.23895475685873
410.23895475685873
409.1992179855675
409.1992179855675
409.1992179855675
408.6820279875297
408.16663263917104
408.16663263917104
407.65303874741323
407.1412531296724
406.63128261362283
406.63128261362283
406.1231340369568
405.6168142471414
405.1123301011708
404.6096884653159
403.24310285484114
402.7430942921306
402.2449502479801
401.7486776580603
401.2542834662329
400.7617746242773
400.2711580916117
399.78244083501215
399.78244083501215
399.78244083501215
399.2956298283266
399.2956298283266
399.6861268545607
399.20420839465106
399.20420839465106
400.0812417497226
400.0812417497226
400.95885075653337
400.95885075653337
401.8370316434263
402.2399781225133
403.12032943030795
404.0012376218667
404.0012376218667
404.88269906233336
404.88269906233336
405.7647101461634
405.7647101461634
405.7647101461634
406.6472672968552
406.6472672968552
407.53036696668386
407.53036696668386
407.0626487409524
407.94730051809387
407.94730051809387
407.94730051809387
407.4825149622987
407.9068521120968
407.44692905947886
406.9889433387595
406.53290149752945
406.97051490249265
406.51937223212377
406.07019097688027
405.62297765289384
405.1777387764535
404.7344808636892
405.1913128387626
405.1913128387626
404.7530111067736
405.2172256950585
404.7838929601819
404.7838929601819
405.25547497843877
405.73143826920784
405.73143826920784
406.63620104461927
406.63620104461927
407.1179190357506
408.0245090677765
408.93153461184676
409.83899277643167
409.83899277643167
411.655195521689
412.56393443925754
413.4730946506677
413.4730946506677
414.38267338294924
416.20307543313515
416.20307543313515
417.1138933193187
417.1138933193187
418.0251188624913
418.9367494025799
418.9367494025799
420.3534227290174
420.3534227290174
420.86221023037933
421.37512978342704
421.37512978342704
421.8921663174134
422.4133047147071
422.93852981254855
422.93852981254855
422.6925596695546
422.3079445144266
422.8498551495554
422.0924069442614
422.644058280724
422.2712398447235
421.90046219457975
422.09596065349876
421.7321424790859
421.94430912147635
421.5874760948195
421.81631073252726
421.46648739846444
421.1187480984431
421.71198702431974
421.3691967859065
421.6313555702422
422.2380844973603
421.9052026225797
422.5186386421314
423.1359119715555
423.1359119715555
423.75700584179134
423.75700584179134
424.38190347845887
424.38190347845887
424.062495394252
425.0105881034024
425.64304293621433
425.64304293621433
426.59231122935165
427.5418108208833
428.1798687467686
429.13051627680824
429.7731959999367
429.7731959999367
430.72497025364106
430.4195627524381
431.3722290551398
432.0231475279999
432.0231475279999
432.67770915544054
433.63233274284335
433.3358974283114
433.9976958464181
433.9976958464181
434.66308791982783
435.332057170156
436.0045871318328
436.0045871318328
436.68066135335096
438.32065887886233
438.7299852984749
438.7299852984749
440.3827880378614
440.8106169320335
441.77482952291433
442.47598804906914
443.180550114736
443.8884995131097
444.34671147652256
445.31449560956355
446.03251002589485
446.75384721342914
447.2359556207439
448.20642565675024
447.9665166058731
448.70034544225615
449.4374261229254
450.40981339220394
451.3823213197433
452.3549491273418
452.3549491273418
454.0704791108975
454.0704791108975
455.04395392093716
456.01754352217637
456.99124718094987
457.9650641697465
458.93899376714546
460.14019602725426
460.14019602725426
461.11386880032137
462.0876540224809
462.0876540224809
463.0615509843157
464.0355589822832
465.2364989980902
466.21025299750755
467.18411788073445
467.18411788073445
468.15809295578777
469.3591375482105
470.33286085494814
470.33286085494814
471.08067249676037
472.05508153180597
472.05508153180597
473.0295973826585
474.0042193905029
475.73206744973584
476.7074574621211
477.68294924562673
478.6585421780332
479.6342356421193
481.3688814204757
481.3688814204757
482.345311991316
483.1076484594298
484.08470333196857
485.0618517261484
486.0390930779128
487.99385242029433
488.9713693049932
489.73972679373276
490.71784153421606
491.6960443200657
492.8823389004723
493.86030413468137
494.83835744614623
495.81649831364024
496.7947262199952
497.98092332939825
498.95891614440563
500.145978690222
500.145978690222
501.12373721467236
502.31165624540307
502.31165624540307
503.2891812864648
503.5007447859437
504.47794798187164
505.4552403526943
505.4552403526943
506.6448460213525
506.6448460213525
506.6448460213525
507.6219065406851
508.8123426175902
509.7891721094123
510.76609127858126
510.76609127858126
511.9570294468082
512.933718915027
512.933718915027
513.9104980441633
513.9104980441633
514.8873663239369
516.0784824035973
517.0551227867296
517.0551227867296
518.0318523025394
518.0318523025394
518.0318523025394
520.1999615532474
520.1999615532474
521.1765535785354
521.3923666491484
522.3686437756386
523.5618397095036
523.5618397095036
524.7561338374236
525.731870823902
525.9515186782903
526.9269399072323
528.1230917125287
528.3455308791775
529.5441435801174
530.5186141880415
530.7438176747798
530.7438176747798
531.9445459820037
532.1729042332013
533.1463213790375
534.3491368010245
534.3491368010245
535.3223328051988
535.5529852404895
536.5258614456529
536.7578597468322
537.7304157289227
537.9637534258233
537.9637534258233
538.9359887778882
540.1425737710368
540.1425737710368
541.350163941972
541.350163941972
541.350163941972
542.3218601531751
542.3218601531751
543.5301279598032
543.5301279598032
544.5016069765084
545.7105459856901
546.920469538305
548.1313711146262
549.1019941686608
550.3135469893505
551.5260646605924
551.5260646605924
552.7395408327507
553.9539692068286
555.1693435340247
556.3856576152912
557.8530272392542
557.8530272392542
559.3254866354653
559.580199792666
560.8029957123981
561.0606027872568
562.285514663147
563.5113131073767
563.7730039652484
565.0008849550592
565.2654243804409
566.4953662652503
567.459249638245
567.7261663865776
568.6897220805032
568.9578191746731
569.9210471635523
570.190319104069
571.4236606931848
571.4236606931848
572.3862332376627
572.657838503936
573.8928471413457
573.8928471413457
575.128681253161
575.128681253161
576.3653355294713
576.3653355294713
576.3653355294713
577.6028047023318
577.6028047023318
578.841083545389
580.0801668735107
580.0801668735107
580.0801668735107
581.3200495424186
581.3200495424186
581.3200495424186
582.5607264483249
582.5607264483249
582.5607264483249
582.5607264483249
583.8021925275718
583.8021925275718
584.0856101634417
584.0856101634417
585.328967333755
585.6150612817263
585.6150612817263
586.8602900179906
586.8602900179906
588.1062829115159
588.3961250722169
588.9804750583843
588.9804750583843
590.2304634632137
590.5260366825497
592.0760086340266
593.3295880031603
593.6303563666535
595.1890455981192
596.4461417429071
598.0108694664337
598.3193127419505
599.8908234003917
601.4665410477959
602.097998667991
603.3639034612528
604.9504111908677
606.5410126281652
606.8648943545837
607.1902502511055
608.789783094296
609.1190359855781
610.3933158218559
610.7249790208356
612.0008169929188
612.3348757011967
613.6122554186805
613.9486949249098
615.2276001611111
615.5664058409945
615.5664058409945
616.8468205316454
617.1879778479163
617.5305660451149
617.5305660451149
618.8133805922429
619.1582996294243
619.5046408220038
620.4425839672838
620.7898195041539
621.1384708742488
622.4250958950804
622.7760432129676
622.7760432129676
624.4173283950406
624.4173283950406
626.0622972196936
626.4191887226955
626.7774724732853
627.1371460852881
627.4982071687535
627.8606533300203
628.2244821717791
628.589691293136
629.3242407535245
629.6935762734125
629.6935762734125
630.0642824347369
630.4363568196238
630.80979700699
631.1846005726059
630.6346010171025
631.0126781610652
631.3921127160205
631.3921127160205
631.7729022362387
632.1550442731593
631.6153892995325
631.6153892995325
632.0007911387453
632.0007911387453
632.3875394091822
632.7756316420537
633.1650653660545
632.635756182023
633.0284353802758
633.4224498705426
633.8177971625599
634.6124801798338
634.6124801798338
635.8144383387341
636.2177300264431
637.0282568301033
637.4354869318149
637.8440248211157
638.6650139157459
638.1669060676838
638.9968701018809
639.4137940332536
639.8320092024155
638.9240956483015
639.3441952501016
639.7655820689325
640.1882535629657
639.7069641640616
639.2284411695086
639.2284411695086
639.1822901176158
639.1822901176158
639.6131643423234
638.7112023442206
638.2429004697193
637.3421373171556
637.7773906309317
637.3146789459662
637.3146789459662
636.854771513883
636.3976744143555
635.943393707333
635.943393707333
635.9378900490204
635.9378900490204
635.9402487655582
635.4982297378963
635.513178462886
635.0787352761861
634.6471460583432
635.1062903168256
635.5666762818831
634.6794466500393
634.2554690343632
635.1850124176419
634.7676740351544
634.3532139116188
633.9416376923036
634.0070977520678
634.0070977520678
634.080436537826
633.2021794024402
633.2850858815483
633.2850858815483
632.8917758985339
632.0166137056841
631.6272635027718
630.7535176279241
630.3681464033538
629.4958300100168
629.1144569949097
628.2435833337257
627.373094737095
626.9968101992226
626.9968101992226
625.7555433234292
624.8879899630012
624.5198155383061
624.5198155383061
623.6537500889416
624.1546282773204
623.2896597890904
622.9285673333661
622.5704779380403
622.2153967879613
621.3541663174071
621.003220603565
620.6552988575864
620.6552988575864
620.3104061677508
619.9685475893111
619.9685475893111
619.6297281441555
620.148369343982
618.961226572392
618.961226572392
618.3049409474261
617.4544517614235
616.283214115069
616.283214115069
614.2711127832725
613.9584676507036
612.2687318490141
611.4245660749983
610.276166993272
608.5926387987288
606.9110313711558
605.7755359867217
604.9371868219047
603.2619663131433
601.5887299476279
599.917494327345
598.2482762198316
597.4144290189182
596.5810925599302
595.7482689861549
594.084169120841
593.2528971694956
592.4221467838622
591.5919201611867
591.3214016082962
590.4930143532606
589.66515922174
588.8378384580936
588.8378384580936
588.0110543178589
587.1848090678096
586.3591049860145
586.3591049860145
586.099820849657
585.2760032668348
585.2760032668348
584.4527354713981
584.199452242126
583.3780935208315
582.5572933197215
582.5572933197215
581.7370540029232
580.0982675374923
580.0982675374923
578.4617532732825
577.8866670896639
577.0684534784414
576.2508134484498
574.8573736154038
574.0400682879201
571.8295200494637
571.0131347000697
569.0421776986307
568.2253074265524
566.015017468618
566.015017468618
564.621111897173
563.2273075766125
562.6508686565764
561.8336052604899
560.4400057097994
559.0465096930666
558.2293435497636
556.8357028783266
556.0188845713785
554.6250986026507
553.8086312075679
552.4146992975477
551.5985859300221
550.7830788976728
549.968180897768
548.5736049063972
547.7590711252531
546.1318522115332
545.3191725952793
544.5071165742464
543.111406619305
541.4886887091918
540.6782777216041
539.8685025077866
539.0593659329184
538.2508708771403
538.2508708771403
536.0457070064082
535.2382647008714
533.625336729807
533.625336729807
532.2273950108167
531.4216781426968
530.6166224309223
529.2182914450331
529.2182914450331
528.6255763770799
527.8200450911277
526.4218840435873
525.8298203791793
525.0238089839355
524.4320737712368
523.8415791057445
522.4442553995593
521.8553439412113
521.2676855512914
519.8711378793787
519.8711378793787
519.2850854781022
518.700298823897
517.3045524640199
516.7213949508962
515.3261103417913
514.7445968633376
513.3497832862112
513.3497832862112
512.1913704856809
511.3755958197458
509.9813722088288
509.40357281825186
507.1932570529699
507.1932570529699
505.22272316276513
503.82933618438693
502.43606558446817
501.04291233386385
499.6498774141749
498.25696181789573
496.2912451373689
495.71967885086025
494.3278264471868
492.93610133565994
492.36673323854853
490.40799340956914
489.84181120030985
487.88728206420797
487.3243273221644
486.7627758980754
486.7627758980754
485.37408253840664
484.81439747598256
484.25613057554574
483.6992867474584
483.1438709121746
482.58988800015277
482.58988800015277
482.0373429517676
481.48624071721923
480.9365862564419
480.38838453901025
479.00417534714666
478.4579396352411
477.91317203023397
477.36987755827244
475.9873947910806
475.4461063043844
474.90630654898655
472.9873148404722
471.07111989592397
469.6913880411264
469.1577559840613
467.77879387590883
467.24725788387457
465.86908032192906
463.96228294981046
463.4350008361475
462.0584378625717
461.5333140738597
461.00976128494284
461.00976128494284
459.6346375111432
459.1132757827854
459.1132757827854
459.1132757827854
459.1132757827854
458.5935019164576
458.5935019164576
459.44858254216
459.44858254216
458.9313674178308
459.7879946236091
460.1315029423654
460.9902385083658
461.33935448864537
462.2001730852121
461.6925383845834
462.55486161103096
462.91359884972053
463.7779641164509
463.2763753959401
464.14221958361
463.64318176804886
463.64318176804886
464.01400840922895
463.51914739307153
463.0259172011865
463.4058696218683
462.4294540792141
461.9437195157003
460.5844113732031
459.6194077712559
458.66109492739844
458.1844606705906
457.23626277888326
456.7647096700882
455.411901469428
454.9428535541579
454.4755218930938
454.00991178607546
454.00991178607546
453.08387744434253
453.97136473570663
453.5118521053226
453.5118521053226
453.9438291242651
453.9438291242651
454.3797970860941
454.3797970860941
455.27134765983243
455.27134765983243
455.71262874754746
455.71262874754746
456.60595703516617
456.1578674099571
457.0525133942488
457.0525133942488
457.94759525517765
457.503005454609
457.503005454609
458.3993891793487
457.9574216016157
457.9574216016157
458.4157501657202
458.4157501657202
457.9781654183963
457.9781654183963
457.54234776684876
457.10830226544783
457.5784085815239
456.7209213513215
455.8705956738162
455.44813096553594
455.02747169813824
454.6086228834645
454.1915895302334
453.36298922607256
452.5417107847629
452.133829745132
451.3236089548164
450.9212791607866
451.43770334344026
450.64398365006497
450.7782159776579
450.3887209955418
450.538566606678
450.538566606678
450.6994564008259
450.6994564008259
451.2471606558871
451.79862770929265
451.42551988118703
452.3538437992983
452.9127951383136
453.4754679141971
454.4062059435368
455.3372376601764
456.26856126627877
457.20017497809425
458.1320770258289
459.0642656535139
459.9967391188768
460.92949569321337
462.79585132107655
463.72944698390677
465.02150487907545
465.9549334431389
468.1805207395968
469.1140586254051
470.98195294512084
472.2732260037615
473.2071428032337
474.14132914142806
475.0757834282863
476.0105040857817
477.88073826008093
478.46420973778174
479.40066750057827
479.40066750057827
479.98854152989946
480.9261897630446
481.5184316306075
482.1140943801581
482.7131653477042
482.3743359674103
483.92148123430104
483.92148123430104
484.5307007816945
484.5307007816945
485.1432778056396
486.08744069354435
485.7591996040837
486.70422229522524
487.6494642671106
487.6494642671106
488.5949242470699
488.5949242470699
490.4864931881407
490.4864931881407
491.43259965126447
492.37891912631676
493.32545038746986
494.594783636059
495.54111837465115
496.8108291895417
497.7569688110856
499.02705337486464
499.97299927096066
501.2434538225911
502.18920737108635
503.4600282048218
504.4055907699676
505.35136291495246
506.2973434652803
507.24353125495844
507.24353125495844
508.1899251264236
509.136523930468
508.81529065074295
509.76268988618614
510.7102896946565
511.34039543145815
511.34039543145815
512.2889809472774
512.9229961699904
513.8725522928813
514.8222994393308
514.8222994393308
515.772236554082
516.7223625894277
517.6726765051445
518.6231772684287
518.6231772684287
519.5738638538317
520.5247352431967
520.8349066642903
521.7853964993654
523.0468430265114
524.3090691567331
525.5720692730922
526.8358378090845
528.1003692481194
529.0491470553562
529.365658123003
531.8984865554704
531.8984865554704
533.4875818610964
534.7569541389807
534.7569541389807
536.0270515561691
536.0270515561691
537.2978689702761
537.2978689702761
538.5694012845513
538.5694012845513
539.5145966514715
539.8416434474095
540.7864643276494
540.7864643276494
541.114590451967
542.0590373750815
542.0590373750815
543.0036832287605
543.3323108374836
544.2765841004002
544.2765841004002
545.2210560864281
545.2210560864281
545.5501810099599
546.4942817633136
546.4942817633136
547.768199149969
547.768199149969
547.768199149969
548.7121285337148
548.7121285337148
549.0428034315722
549.0428034315722
549.3750995449284
549.3750995449284
550.6514323962119
550.6514323962119
550.9863882166237
550.9863882166237
552.2644294176478
552.602026778766
552.9412265331642
552.9412265331642
553.2820257337121
554.5637925432925
554.5637925432925
554.9071994487006
555.2521949528881
556.5366115539929
556.8841890375413
558.1702249314271
559.8080028009604
561.0962484280215
561.8051263561058
563.0959065736494
565.1061847122185
565.4679478095995
567.4927312309824
567.8600179621735
569.5278746470624
570.2718649907252
571.9484242482009
572.7032390339695
573.0828910375881
572.9232060232855
573.307945174319
573.6941693969009
574.0818756937027
573.1605359757422
573.5503465259175
573.5503465259175
573.021814593476
572.4962881975742
572.4962881975742
571.9737756226242
571.0560392816103
570.5374659038615
570.0219294027204
569.5094380253939
569.5094380253939
569.0
568.4936235350402
568.4012667121705
568.4012667121705
568.317692844416
568.7336810845653
568.6624657914394
569.08347366621
568.6000351741108
568.5463921264474
568.9745161252831
568.5015391359992
568.5015391359992
568.0316892568583
567.1304964468054
567.5649742540496
566.664803918507
565.3034583301255
565.3034583301255
563.5068766217498
562.6091005307326
560.8145861155896
558.578553114958
556.7854164756832
554.5493666031907
551.8623016659137
550.9673311549425
547.8366544874485
546.942410131085
544.7063429041376
544.7063429041376
542.4702756833778
541.5764027355697
541.1330705103875
540.2406871015918
539.3486812814137
538.4570549263888
537.5658099247012
537.5658099247012
537.1303380000054
536.2406176335396
535.809667699268
534.9214895664596
534.4950888455384
534.4950888455384
534.072092511863
534.072092511863
533.1866464944522
533.1866464944522
533.1866464944522
533.1866464944522
533.1866464944522
533.1866464944522
533.1866464944522
533.1866464944522
533.1866464944522
529.6007930507658
527.7878361614637
526.4389803196568
525.0904683956851
525.0904683956851
523.7423030460686
523.2829062753723
522.3944869540643
521.0470228299937
519.6999134115764
519.6999134115764
519.6999134115764
519.6999134115764
518.3531614642666
518.3531614642666
518.3531614642666
517.4640084102468
517.4640084102468
517.4640084102468
517.4640084102468
517.4640084102468
517.4640084102468
517.4640084102468
517.4640084102468
517.4640084102468
517.4640084102468
517.4640084102468
517.9227741661879
517.9227741661879
518.3830629949247
518.3830629949247
518.8448708429139
518.8448708429139
518.8448708429139
518.8448708429139
518.8448708429139
517.9584925454934
517.0725287616816
