389.56642565806413
390.57905729826325
390.57905729826325
390.57905729826325
390.57905729826325
390.57905729826325
389.16577444580093
388.48552096571115
388.48552096571115
387.806652856807
387.86595622714816
387.1911672546263
386.51778743028115
386.58763560155415
385.33102652135346
385.33102652135346
384.66738879192764
384.0052082980125
384.0052082980125
384.0963420809941
384.0963420809941
384.0963420809941
383.43839140075687
383.43839140075687
383.43839140075687
383.43839140075687
383.43839140075687
383.43839140075687
383.43839140075687
384.0963420809941
384.0963420809941
384.75576668842797
383.9192623456135
384.5841910427416
383.83850770864564
383.83850770864564
383.7629476643101
383.7629476643101
383.7629476643101
383.6925852814985
383.6925852814985
383.6925852814985
383.6274234201721
383.6274234201721
383.6274234201721
383.6274234201721
383.6274234201721
383.6274234201721
382.9529997271206
382.9529997271206
382.21459940719166
382.21459940719166
381.54029931319184
381.54029931319184
381.6084380618437
379.6024235960566
378.27238863020386
377.69961609723674
377.1392315843049
376.4850594645158
376.5912903931794
375.41044204976504
374.8919844435194
374.25258850140233
373.8930328315841
373.2626421167808
373.41264038594085
372.9450361648483
373.10856328956055
373.2773767588923
373.451469403991
374.24190037995476
373.6308338453881
373.6308338453881
374.42355695121535
374.42355695121535
373.81546249453083
373.81546249453083
373.81546249453083
374.61046434930245
374.61046434930245
374.61046434930245
374.42355695121535
374.42355695121535
374.42355695121535
374.42355695121535
374.42355695121535
374.42355695121535
374.42355695121535
375.0333318519835
374.24190037995476
374.24190037995476
374.24190037995476
373.451469403991
373.451469403991
372.6620452903676
372.0483839502599
372.0483839502599
371.25866993243403
371.25866993243403
371.25866993243403
370.6453830819966
370.6453830819966
370.0337822415678
369.2424677633926
368.6312520663434
368.021738488367
368.2091796791601
367.0013623952914
366.6019639881925
366.0054644400818
365.62412393057434
365.8428624423333
365.2560745559203
364.9013565335158
364.5600087777045
364.2320688791694
364.4845675745408
365.3080891521566
365.0054794109261
365.2738698565776
366.10381041447795
366.3795845840759
366.6606060105176
366.6606060105176
367.4955782046908
367.78390394360656
367.78390394360656
367.78390394360656
368.6217573611194
368.6217573611194
368.6217573611194
368.6217573611194
368.6217573611194
368.6217573611194
368.6217573611194
368.6217573611194
368.6217573611194
368.6217573611194
368.6217573611194
368.6217573611194
368.6217573611194
368.6217573611194
368.6217573611194
368.6217573611194
368.6217573611194
368.6217573611194
368.6217573611194
368.6217573611194
367.78390394360656
366.94686263817545
366.94686263817545
365.5625801418958
365.5625801418958
364.1785276481852
364.1785276481852
363.0895206419486
362.2499137335991
362.2499137335991
361.7070637961056
360.6272313622475
360.6272313622475
360.0902664610639
359.02228343098704
359.86942076258714
359.339672176619
359.13785653979727
358.6153928653928
358.949857222426
358.77569594385847
358.77569594385847
359.12393403949005
358.9721437660588
359.83607378916304
360.1999444752872
359.70126494078386
360.07360358682223
360.4511062543712
360.8337567357023
361.2215386712149
361.2215386712149
361.61443555256477
361.61443555256477
362.01243072579706
362.01243072579706
362.8911682584739
362.8911682584739
362.41550739448223
362.41550739448223
363.29602254910526
363.29602254910526
363.29602254910526
363.29602254910526
363.29602254910526
363.29602254910526
363.29602254910526
363.29602254910526
363.29602254910526
363.29602254910526
363.29602254910526
363.29602254910526
363.29602254910526
363.29602254910526
363.29602254910526
362.8236486228537
362.8236486228537
362.8236486228537
362.3534186398688
362.3534186398688
362.3534186398688
360.5343256889696
360.5343256889696
360.06943774777665
359.60672963669634
359.14620978091915
360.0347205478938
359.1225417597731
359.5622338344226
359.1127956506145
359.5608432518758
359.11697258692743
359.11697258692743
359.13507208291423
359.5997775305207
360.50104022041324
360.5440333717922
360.1180362047977
360.6008874087805
361.08863177895813
361.58124951385406
361.58124951385406
362.58102542742085
362.58102542742085
363.0881435684729
363.6000550054964
363.6000550054964
364.1167395218188
364.1167395218188
364.1167395218188
364.1167395218188
364.63817682738596
364.63817682738596
364.63817682738596
364.63817682738596
364.63817682738596
364.63817682738596
364.63817682738596
365.1643465619282
365.1643465619282
365.1643465619282
365.1643465619282
365.1643465619282
365.1643465619282
364.7739025752802
364.7739025752802
364.7739025752802
364.7739025752802
364.7739025752802
364.38578457453576
364.0
364.0
363.61655627872614
363.23546082396746
363.23546082396746
363.23546082396746
363.78290229201264
363.78290229201264
363.40748478808194
363.03443362854716
363.03443362854716
363.59317925395686
363.2258250730529
363.2258250730529
363.79252328765637
364.3638291598111
364.3638291598111
364.939721049929
365.5201772816379
365.16845427829605
366.1051761447795
366.69469589837263
366.3495598468763
367.2887147735416
367.8872109764078
367.8872109764078
368.8278731332544
368.4901626909462
369.43199644860215
369.43199644860215
370.37413516605073
370.37413516605073
371.3165765219754
372.2593182178251
372.2593182178251
371.9274122728789
372.87129146664
372.87129146664
372.87129146664
373.81546249453083
373.81546249453083
373.81546249453083
373.81546249453083
373.81546249453083
374.7599231508086
374.4329045369811
374.4329045369811
374.4329045369811
374.4329045369811
375.37847567488467
375.05466268265485
375.05466268265485
374.73323845103465
375.68071550187403
375.3624914665822
375.3624914665822
375.04666376332426
375.68337732723813
375.68337732723813
375.37314768107746
375.0653276430654
376.01728683665596
375.71265616159377
375.41044204976504
375.41044204976504
375.11065034200243
375.7685457831722
375.47436663506073
376.13960174382066
375.85103432077983
376.52357163927996
376.24061450088027
377.2002120890178
376.9204160031664
377.60429022986483
378.29221509304153
378.29221509304153
378.98416853478193
379.6801285292661
379.6801285292661
380.3800730848029
380.3800730848029
381.34498816688284
382.04973498224024
382.04973498224024
383.0156654759698
383.9817704006272
383.9817704006272
384.94804844290354
384.6920846599264
385.6591759572174
385.91449830240896
386.88111869151743
386.88111869151743
386.88111869151743
387.8479083352133
388.81486597093993
388.81486597093993
389.7819903484511
389.7819903484511
390.7492802296634
390.4971190674779
391.46519640959144
391.46519640959144
392.4334338457925
392.4334338457925
392.4334338457925
393.15391388106514
393.15391388106514
393.15391388106514
393.8781537480849
394.60613274504493
394.60613274504493
395.337830216133
396.07322555305353
396.07322555305353
396.5816435489671
397.5550276376844
397.32732098359406
399.0513751385904
398.82953752198443
398.82953752198443
399.36950309206134
400.13247806195386
399.9212422465203
400.48470632472345
401.46357244462416
401.2605138809449
401.84200875468457
402.82254157383
402.62761951957543
403.41665805962947
404.02227661355505
405.0049382414985
405.80413994931104
406.60668956621953
407.4125673073917
407.4125673073917
408.3968658057992
409.20654931220247
409.20654931220247
410.1914187303289
411.1763611882376
411.1763611882376
411.9902911477405
412.97578621512423
412.97578621512423
412.97578621512423
413.961350852951
414.94698456549844
414.94698456549844
415.9326868617084
416.9184572551328
416.9184572551328
417.90429526387976
417.90429526387976
418.890200410561
419.8761722222398
419.8761722222398
420.86221023037933
421.8483139707921
421.8483139707921
421.8483139707921
422.8344829835902
423.8207168131355
423.8207168131355
424.8070150079916
425.7933771208754
425.7933771208754
426.6169241837459
427.6037885706814
428.43085789891467
429.4182110716778
429.4182110716778
430.4056226398535
431.2365939945264
431.2365939945264
432.0705960835567
433.0588874506561
433.0588874506561
434.8850422812907
435.87383495686
435.87383495686
436.7150100465978
437.70423804208247
437.5591388601088
439.39617658782606
439.39617658782606
440.38619415235985
441.37625672435075
442.2273171119125
442.2273171119125
443.21777942677346
444.2082844792519
444.2082844792519
445.19883198409224
446.05380841328997
447.0447404902556
448.03571286226725
449.02672526253934
450.0177774266257
450.0177774266257
451.0088690923938
451.8683436577517
451.8683436577517
452.8598017046777
452.8598017046777
452.8598017046777
452.8598017046777
453.8512972329153
453.8512972329153
454.84282999735194
455.7060456039617
455.7060456039617
456.6979308032827
457.56420314530726
457.56420314530726
458.5564305513554
458.43320124092236
458.43320124092236
459.42572849155937
459.42572849155937
459.42572849155937
459.3049096188718
460.2977297358743
460.2977297358743
461.17241894978935
462.1655547528396
462.1655547528396
463.0431945294089
464.0366364846638
464.0366364846638
466.02360455238744
466.02360455238744
467.0171303068015
469.00426437293726
469.9978723356096
470.99150735443203
473.0919572345317
475.0789408087881
476.18693808209395
478.2896611886985
479.2827975214633
480.27596233832065
482.3795186365192
482.3795186365192
484.48426187029025
484.6049937835969
485.5975700103945
487.70482876428446
487.82886343470904
488.82103064414076
489.9387716847892
489.9387716847892
489.9387716847892
490.9307486805038
490.9307486805038
491.05804137596607
492.0497942281858
492.0497942281858
492.0497942281858
493.0415803966233
493.0415803966233
493.0415803966233
493.0415803966233
494.03339968062886
494.03339968062886
494.03339968062886
494.03339968062886
495.025251881154
495.025251881154
496.01713680073595
496.01713680073595
497.00905424348156
497.00905424348156
498.00100401505216
498.992985922648
498.992985922648
499.98499977499324
499.98499977499324
500.9770453823209
500.9770453823209
501.96912255635806
501.96912255635806
503.08746754416376
504.0793588315237
505.1989707036229
505.1989707036229
506.190675536403
506.190675536403
507.3115413628986
507.3115413628986
507.3115413628986
508.3030592077919
508.43386983952985
509.42516624132344
509.5576513015971
509.5576513015971
510.54872441325324
510.6828761570139
510.6828761570139
510.6828761570139
511.67372416413957
511.8095348857815
511.8095348857815
512.8001560062165
512.8001560062165
512.8001560062165
512.937618039465
512.937618039465
513.9280105228747
513.9280105228747
514.9184401436795
514.9184401436795
514.9184401436795
514.9184401436795
515.772236554082
515.772236554082
516.7630017716052
516.7630017716052
517.6195514081747
519.4699221321673
520.4613338183731
520.4613338183731
521.3233161867978
522.3150390329575
523.3067933822376
523.3067933822376
525.2903958764142
525.2903958764142
527.274122255208
528.2660314652079
529.2579711256128
530.2499410655319
531.2419411153453
533.3526038185246
533.3526038185246
534.3444581915302
535.3363428724039
536.4559627779339
537.4476718714111
538.5684728982936
539.6906521332382
540.6819767663798
541.8053155885424
542.7964627740309
543.9209501388966
544.056063287599
545.0467869825488
545.1834553615874
546.1739649598835
546.3121818154891
546.4521937004188
547.4422343955571
547.4422343955571
548.5736049063972
548.7166846378922
549.7062852105659
549.8508888780666
550.8402672281684
550.8402672281684
551.9755429364602
551.9755429364602
552.9647366695276
554.1010738123506
554.1010738123506
555.0900827793629
555.2386874128999
555.2386874128999
556.2274714539008
557.366127424335
557.366127424335
558.3547259583283
558.506042939555
559.494414628064
560.4828275692307
560.4828275692307
561.6235393927145
561.6235393927145
561.6235393927145
562.7654929009063
562.7654929009063
563.9086805503175
564.8964506880885
564.8964506880885
565.0530948503866
566.0406345837727
567.1860364994893
567.3455737026596
568.3326490709468
568.4936235350402
569.642870577698
569.642870577698
569.642870577698
570.7933075991693
571.1260806511991
572.1118771708905
572.2805256165896
572.4508712544684
573.6078800016611
573.6078800016611
573.6078800016611
574.9408665245496
574.9408665245496
575.1173793235604
576.1015535476363
576.2794461023228
577.2633714345645
577.4426378437948
578.4263133710291
578.6069477633326
579.5903725908497
579.7723691242969
579.7723691242969
580.7555423756195
580.9388952377005
581.9218160543562
582.1065194618593
582.1065194618593
583.2752352020442
583.2752352020442
584.2576486448423
584.4450359101359
585.4271944486351
585.4271944486351
585.6159150842811
585.6159150842811
585.8062819738279
586.9795567138603
587.9608830526058
588.1538914263851
589.1349590713489
589.329279774898
590.5057154676829
590.5057154676829
590.5057154676829
591.6831922574783
591.6831922574783
591.8817449457282
593.0615482393038
593.2630108139223
594.2423747933161
594.4451194181007
594.4451194181007
594.6494765826335
595.8338694636283
595.8338694636283
597.0192626708119
597.0192626708119
597.0192626708119
598.2056502575014
598.4154075556544
598.6267618474803
599.8166386488457
599.8166386488457
601.0074874741579
601.0074874741579
601.0074874741579
601.2229203881036
601.2229203881036
602.1993025568861
602.415969243844
602.415969243844
603.6099734099827
603.6099734099827
604.5858086326539
604.8049272286065
605.7804882958843
605.7804882958843
606.0008250819466
606.9761115562951
607.9514783270125
608.172672848756
609.1477653246378
609.1477653246378
610.3449844145522
610.3449844145522
611.3198835307093
611.5431301224796
612.5177548447065
612.5177548447065
613.7165469498113
613.7165469498113
613.7165469498113
614.9162544607192
614.9162544607192
614.9162544607192
616.1168720299745
616.1168720299745
616.3448709935047
616.3448709935047
617.5475690179665
617.5475690179665
617.7782773778955
617.7782773778955
618.9830369242763
618.9830369242763
619.216440350222
619.216440350222
619.216440350222
619.4513701655684
619.4513701655684
619.4513701655684
619.6878246343073
619.6878246343073
619.6878246343073
620.6593268452509
620.896931865507
620.896931865507
621.1360559490972
621.1360559490972
621.3766973422804
621.6188542829118
621.6188542829118
622.1077077162764
622.1077077162764
622.3544006432348
622.6026019862107
622.6026019862107
623.1035226990776
623.1035226990776
623.3562384383428
624.5774571660428
624.832777629343
626.3138191034907
626.5732199831078
629.0262315674919
629.2892816503393
630.7836396102866
632.014240345896
633.7854526572853
634.0575683642613
635.2928458592935
635.8435342126237
637.6401806661811
637.9216252800966
639.1635158549024
639.4474176974992
640.0195309519859
641.2651557663179
641.2651557663179
641.554362466658
641.8449968645078
642.1370570213185
641.4748631084464
641.4748631084464
641.4748631084464
641.7702080963247
641.7702080963247
641.7702080963247
642.0669746996804
642.0669746996804
642.0669746996804
642.3651609481947
642.3651609481947
642.3651609481947
642.3651609481947
642.3651609481947
642.3651609481947
642.3651609481947
643.6186759254272
643.6186759254272
644.5727266957547
644.8728556855219
647.0811386526423
647.3831940975916
648.6393450909372
648.6393450909372
649.8961455494255
650.2015072267981
650.5082628222335
651.7675966170764
651.7675966170764
653.0275645024489
653.0275645024489
653.0275645024489
653.3375850201793
653.6489883721997
653.6489883721997
653.9617725830769
653.9617725830769
653.9617725830769
653.9617725830769
654.2759356724042
654.2759356724042
654.2759356724042
654.2759356724042
654.5914756548545
654.5914756548545
654.5914756548545
654.5914756548545
654.5914756548545
654.5914756548545
654.5914756548545
654.5914756548545
654.5914756548545
654.5914756548545
654.5914756548545
654.5914756548545
654.9083905402342
654.9083905402342
655.8566916636591
656.1745194687157
656.1745194687157
657.4412521282795
657.4412521282795
657.7613549000883
658.7085850359019
659.3519545735797
659.3519545735797
660.6216769074415
660.9462913126905
661.272258604578
661.272258604578
663.202080817001
664.476485663714
665.141338363509
666.4180369707891
666.7533277007323
667.4278987276454
668.7077089431525
669.0478308760892
669.7320359666245
670.0761150794737
671.3598141086492
671.7060368941163
672.0535692934009
672.7525548074864
673.1040038508165
672.5213751249844
672.5213751249844
672.8759172388324
673.2317580150241
673.5888953954036
673.9473273186859
673.3743386854002
673.3743386854002
673.7358532837628
673.7358532837628
674.0986574678814
674.0986574678814
674.4627491566899
674.4627491566899
674.8281262662367
674.8281262662367
675.1947867097316
675.1947867097316
675.562728397593
675.9319492374954
676.3024471344163
676.6742199906836
676.6742199906836
677.9749257900324
678.7238024410224
679.1001398910179
679.4777406214275
681.1615080140685
681.5423684555495
681.9244826225262
682.3078484086197
683.0783264018849
683.8537855419096
684.2433777538515
684.6342089028271
683.7141215449627
684.1067168212866
684.5005478449232
684.8956124841216
684.8956124841216
684.3741666661593
684.3741666661593
684.7722249040187
684.7722249040187
685.1715113750716
684.2550694002931
684.2550694002931
684.6561180621992
684.6561180621992
684.6561180621992
683.7404478309003
683.7404478309003
683.2283659216733
683.2283659216733
683.2283659216733
683.2283659216733
682.3137108398159
682.3137108398159
681.8049574475093
680.891327599346
679.977940818671
679.4733254514117
679.4733254514117
678.5609773631254
678.0597318820813
678.0597318820813
676.2373843555234
675.7403347440494
675.2458811425657
673.4277986540205
672.9375899739886
671.5429993678737
671.5429993678737
669.7297962611489
668.823594081429
668.3419783314527
666.9587693403544
667.3866945032693
666.4833081180653
666.0105104275758
666.4420454923294
665.9737232053529
666.8440597321086
667.2810502329585
666.8208155119335
667.2608185709693
668.1444454607102
668.1444454607102
669.032884094646
671.7172023999385
672.6187627475166
673.5250552132414
674.8933249040177
674.923699391272
676.3113188465798
677.7093772407167
678.6471837413017
678.7083320543516
679.6565309036616
680.2095265431086
679.8124741426859
679.9014634489324
680.8715003581807
680.4851210717248
680.5916543714006
680.2124668072469
679.8360096376184
679.4622874008535
679.0913046122738
678.2241517374621
677.8569170555096
677.8569170555096
677.492435382123
676.627667184841
675.7632721597113
674.8992517405838
674.8992517405838
674.5405843980035
673.6779646092041
672.8157251432223
672.8157251432223
672.8157251432223
672.4618948312238
672.4618948312238
672.4618948312238
671.6010720658508
671.6010720658508
672.1108539519355
671.2510707626469
671.7626068783525
671.4171579577037
670.5594679072095
671.5906491308526
671.2525605165316
671.7715385456577
672.8127525545276
671.9598202273704
672.4827135324743
672.6812023536855
673.2079916340863
673.4166615105391
673.4166615105391
673.1002897042906
673.320874472194
672.4760218773603
672.1681337284593
671.324809611562
671.863081289633
671.0208640571469
669.8790935683842
669.0388628472938
668.1990721334473
667.359723087931
666.2281891364249
664.5539857678983
663.7175604125598
662.8815882191932
662.0460709044348
661.2110101926615
660.3764078160273
659.5422655145006
657.8753681359411
657.8753681359411
656.210332134446
655.3785165841188
655.3785165841188
654.2736430577041
654.2736430577041
653.4439532201671
654.0030580968257
653.174555536267
653.174555536267
653.174555536267
652.9081099205308
652.6446199885509
651.818993279576
651.5596672600292
652.1265214665019
651.8719199351971
652.1916896128009
651.3716297168614
651.7008516182866
651.7008516182866
652.3817900585515
651.5681084890512
651.921774448438
651.1105896850396
651.6962482629465
651.2541746507272
651.0376333208396
650.2314972377145
650.0192304847603
649.8099722226491
649.0069337071832
648.0007716044789
648.0007716044789
647.2001236093826
647.0007727970656
646.2019808078586
645.4037496017512
644.6060812620372
643.0124415592594
642.2164744071893
641.4210785435727
640.6262560963295
639.8320092024155
638.4301058064226
637.6362599476288
636.8429947797181
636.0503124753576
633.8556618032216
633.0639778095102
632.2728841252011
631.4823829688363
630.0793600809345
629.2892816503393
628.4998011137315
628.4998011137315
628.4998011137315
627.0964838045259
627.0964838045259
626.3074324962142
625.518984524051
624.7311421723748
624.7311421723748
623.1572835167699
622.371271830569
622.371271830569
621.5858750003896
620.8010953598584
620.6383810239261
619.8556283522801
619.8556283522801
618.2920022125468
618.2920022125468
617.3572709541858
616.578462160332
615.8002923026263
614.8764103460142
614.1009688968094
613.3261774944879
611.7785547075019
612.413259164104
610.8698715765904
609.3291392999354
608.5597752070046
607.7910825275409
607.023063812241
604.8470881140125
604.0802926763957
603.3141801748075
602.5487532142108
601.9053081673229
600.374882885685
599.6107070424944
599.6107070424944
597.4378628778059
596.6749533875206
595.2654869887889
593.0935845210265
592.4466220681826
591.6840373036947
590.2745124092688
589.5125104694556
588.102882155835
587.4555302318636
585.931736638322
585.2836918965024
583.8741302712426
583.112339090848
583.112339090848
581.7026731931013
581.7026731931013
580.2930294256514
579.5317075018415
579.5317075018415
578.7711119259495
578.7711119259495
577.3612387405307
576.6012486979195
575.0834722020795
574.4318932649893
573.6732519474828
572.1581949076672
570.6461250197008
568.4804306218465
567.7261663865776
566.3152832124523
564.8088172116296
564.0567347350797
561.1434754142651
558.9821106260915
558.2329262951084
556.0728369557355
555.3251299914313
553.1663402630352
551.0081669086221
549.5962154163727
547.4385810298722
546.6936985186495
544.5374183653498
543.1252157652045
540.9695000644676
540.9695000644676
539.557225880629
538.1449618829485
536.7327081518323
535.3204647685347
534.5774031887244
533.9082318151687
532.4960093747183
531.8279797077247
531.1609925436919
531.1609925436919
529.7489971675265
529.0831692654757
529.0831692654757
527.6712992005534
527.6712992005534
527.0066413243765
526.2594417205263
525.594901040716
524.9314240927094
524.1831740908897
523.5198181540027
522.7714605829206
522.1082263286032
520.6966487312934
520.6966487312934
519.2850854781022
519.2850854781022
517.8735366863227
517.8735366863227
516.4620024745286
515.0504829625927
513.638978271704
512.8898517225701
510.8160138445153
509.40455435733986
507.9931101894985
507.3322382817792
506.5816814690401
505.9209424406149
504.5096629401661
503.0983999179485
501.78082864932173
500.3698632012124
500.3698632012124
498.95891614440563
498.30211719397704
498.30211719397704
496.89133620943727
496.2358310319802
494.9282776322242
494.17102302745354
493.51798346159586
492.1077117867591
491.4560000651126
490.8054604423223
490.8054604423223
489.39554554572726
489.39554554572726
488.746355485133
487.33663929567206
486.6888122815235
485.27930102158695
484.6328507231015
483.86981720293323
483.2235507505817
481.814279572534
479.7603568449565
479.7603568449565
477.7080698501963
476.2992756660459
475.5333847376018
474.12445623485826
472.71555929543933
470.6644239795483
469.89786124220655
469.2557937841578
467.0802928833543
466.43863476345956
465.03010655225324
465.03010655225324
464.38992237127627
463.62161295608297
462.98164110469867
461.57339611377085
460.8047308784926
460.16518773153626
459.396343041605
459.396343041605
458.7570162951189
458.11898017873045
458.11898017873045
457.3488821457859
456.71106840101874
456.71106840101874
456.0745553086688
456.0745553086688
455.4393483220351
455.4393483220351
454.80545291366064
454.1728745753097
454.31817044886066
454.31817044886066
453.68932101163676
453.0618059382185
453.8413819827363
453.21628390868744
452.59253197550663
452.59253197550663
451.9701317565133
450.72940884748135
449.4941601400401
449.4941601400401
448.26443088873333
446.8612760130374
446.8612760130374
444.846040782651
444.2352980122133
442.8329256051316
441.4306287515627
440.82195952561165
438.8131720903556
438.2077133050033
435.40555807201173
434.80225390400176
434.20041455530645
432.8001848428441
432.20018509945135
430.80041782709543
430.20227800419656
430.20227800419656
429.60563311018166
429.01048938225273
429.01048938225273
427.61197363965385
427.61197363965385
427.0187349519925
427.0187349519925
427.0187349519925
427.0187349519925
426.42701602970703
426.42701602970703
426.42701602970703
426.42701602970703
425.8368232081392
426.64505153581706
426.64505153581706
426.64505153581706
426.0575078554537
426.0575078554537
426.0575078554537
425.4715031585547
425.4715031585547
424.88704381282326
424.30413620420904
423.72278673680034
423.14300183271376
422.5647879319809
421.17098665506387
420.5948168962618
420.02023760766576
418.87587660308157
418.3061080118243
418.3061080118243
416.3472108709268
415.7811924558397
415.21681083501426
414.0929847268606
414.3633671066978
413.80671816682724
412.6984371184364
412.146818500398
412.4330248658562
411.8859065323794
411.6369759873377
411.0960958218893
410.55693880386434
410.3291361821629
410.3291361821629
410.11339895204594
409.5851559810243
409.05867549778236
409.38612580301253
408.8642806604656
409.71819583709
409.1992179855675
409.53876495394184
409.53876495394184
409.0244491469917
409.0244491469917
409.3714694504247
409.3714694504247
408.8618348537804
409.72307721191396
409.72307721191396
409.21632421006865
408.71138961374686
408.71138961374686
408.71138961374686
408.20828017079714
409.07334305720775
408.5731268695972
408.0747480548141
407.5782133529711
407.0835295120646
407.4616546375867
407.4616546375867
406.97174349087186
405.9975369383415
406.3889762284405
405.90762495917716
405.4281687302943
405.83001367567675
405.83001367567675
404.88269906233336
404.4119187165482
404.82712359722143
404.36122464944634
403.8972641650349
403.43524883182926
403.43524883182926
403.4067426308093
403.8427911947915
403.8427911947915
404.2833164997042
403.8341243629617
404.7283039274619
404.7283039274619
405.1777387764535
405.6316062636145
405.6316062636145
406.0898915264944
406.0898915264944
406.0898915264944
406.5525796253173
406.5525796253173
407.4530647816997
407.0196555450363
407.9215610874228
407.9215610874228
408.8239229790742
408.8239229790742
408.3944171998437
408.3944171998437
409.2981798151563
409.2981798151563
408.87161799273866
409.7767684971904
409.7767684971904
409.35314827175813
409.35314827175813
409.83899277643167
409.83899277643167
409.83899277643167
410.3291361821629
409.9134054895009
410.8235631022155
410.41076983919413
410.9123994235268
411.41827864109297
411.92839183528
412.4427232962172
412.56514637084894
412.1710809845834
413.09078905247935
412.69964865504795
413.2323801446348
413.7692593704854
414.31027020821
414.85539649376625
415.03011938894264
415.95793056509933
416.1466087810881
415.7799898985039
416.3472108709268
416.9184572551328
417.85164831552356
417.4937125275062
418.07296013973445
418.656183520559
418.656183520559
419.59265961167625
420.1809134170661
421.1187480984431
421.71198702431974
421.71198702431974
422.6511563925976
422.6511563925976
423.59060423951803
424.53032871633565
424.53032871633565
425.47032799009617
426.4106002434742
427.3511436746133
427.3511436746133
428.6315434029558
428.6315434029558
429.57187989904554
430.5124853009492
430.8526430231106
431.7927743721518
432.7331741385215
433.67384057607165
434.6147719532782
435.5559665530941
435.5559665530941
436.4974226728034
437.43913862387757
437.43913862387757
438.04680115257094
438.98974931084666
439.6020928066653
440.21812775032333
441.16323509558225
441.78388381651047
442.4081825644729
443.0361159093015
443.9842339543151
444.6166888455718
445.25273721786374
445.8923636933021
446.5355528958473
446.5355528958473
447.1822894525229
447.8325579946148
448.4863431588525
448.4863431588525
449.14362958857606
449.14362958857606
449.80440193488545
449.80440193488545
450.46864485777473
450.46864485777473
451.42551988118703
451.1363430272494
452.0940167708482
452.0940167708482
452.0940167708482
453.05187340965716
453.05187340965716
452.76594394896796
453.72458606515914
453.72458606515914
454.6834063389602
455.642403645666
455.642403645666
455.642403645666
456.6015768698133
457.5609249050885
458.2401117318299
458.2401117318299
459.2003919858954
460.16084144568407
460.16084144568407
461.8062364238924
461.8062364238924
462.76776032908776
463.4565783328574
463.4565783328574
465.3815638806505
465.1118145134565
466.07510124442393
466.07510124442393
466.07510124442393
466.07510124442393
466.7718928984478
467.736036670257
467.736036670257
468.7003307018249
469.40174690769953
470.3668780856067
471.07218130558294
472.0381340527479
473.7140487678194
474.68094547811796
475.3945729601885
476.36225711111916
478.29802424848043
480.23431780746364
481.9232304008596
482.8923275431077
486.04629409141677
487.01540016718155
488.95398556510406
491.1384733453489
493.323423323888
493.323423323888
495.50882938652063
496.47759264643554
497.4464795332258
498.663213000518
499.63186447623616
500.8492787256462
500.8492787256462
502.06772451532873
502.06772451532873
503.2871943532837
503.54046510682736
503.54046510682736
504.76232030530963
505.72917653621687
505.98517764851573
507.20902988807285
508.1751666502408
508.1751666502408
509.39964664298697
510.625107099132
510.625107099132
511.5906566777779
511.85154097648274
512.8167313963147
512.8167313963147
512.8167313963147
514.0437724552258
514.0437724552258
514.0437724552258
514.0437724552258
515.0087377899524
515.9738365460016
515.9738365460016
516.939067976101
516.939067976101
517.6446657698696
517.6446657698696
517.6446657698696
517.6446657698696
518.3531614642666
518.3531614642666
518.3531614642666
519.0645431928481
519.0645431928481
519.7787991059274
519.7787991059274
519.7787991059274
520.4959173711163
520.4959173711163
521.4642844912775
521.4642844912775
522.1848331769125
522.1848331769125
523.1538970513361
523.1538970513361
524.1230771488697
525.0923728259629
527.2769670675934
527.2769670675934
528.2461547422754
530.4309568643218
530.4309568643218
532.6161845081315
533.5850447679358
534.5540197211129
535.770473243907
536.739229048893
537.7080992508854
537.9563179292535
539.8935080180164
540.8622745209726
542.0793299877796
542.0793299877796
544.016543866085
544.016543866085
544.9853209032332
544.9853209032332
546.2023434589054
546.2023434589054
547.170905659283
548.139580763878
548.139580763878
549.1083681751718
549.1083681751718
549.1083681751718
550.0772672997858
550.0772672997858
551.0462775484469
551.0462775484469
552.0153983359522
552.0153983359522
552.2626186878848
553.2314163168971
553.2314163168971
553.2314163168971
553.2314163168971
554.2003247923985
554.2003247923985
554.4483745129027
554.4483745129027
554.4483745129027
554.4483745129027
555.6662667465067
555.6662667465067
556.8850868895664
556.8850868895664
558.1048288628222
559.3254866354653
560.54705422471
563.2512760748972
564.4767488568506
569.1230095506594
570.6172096949057
573.3489338962793
576.0902707041666
579.8016902355495
583.5203509732972
587.2461153553934
590.6919671029901
594.4282967692571
596.9229431006987
599.4205535348283
602.8764384183545
605.3792199935508
607.8848575182639
608.839059193807
612.3005797808785
613.2544333308973
614.2084336770376
615.1625801363409
616.4162554637896
616.4162554637896
616.4162554637896
617.3702292789959
617.3702292789959
618.32434854209
618.32434854209
618.32434854209
619.2786125807995
619.2786125807995
619.2786125807995
619.2786125807995
619.2786125807995
619.2786125807995
619.2786125807995
619.2786125807995
618.32434854209
618.32434854209
616.0665548461465
616.3708299392501
615.0812954398792
614.4403958074371
613.8020853662848
613.7988269783513
613.1696339513235
612.86540120976
612.5691797666611
613.2250810265347
612.6116224819767
613.2772619297083
613.2772619297083
612.6703844645994
613.0073409022114
613.3457426280874
613.6855872513221
614.0268723761201
614.3695956018657
614.7137545231927
615.0593467300533
615.4063698077881
615.4063698077881
615.7548213371942
615.7548213371942
617.0413276272506
617.0413276272506
617.3920958353775
618.0978886875444
619.3876007799962
621.034620613054
621.392790431302
622.6853137821704
624.3396511515186
625.634078355711
627.2933922814747
627.6591431660978
629.3242407535245
630.0642824347369
630.4363568196238
632.4871540197477
632.8641244374656
632.6974000262685
633.0789840138433
633.8461958551144
633.3095609573568
634.0859563182266
633.5558381074236
633.0284353802758
632.5037549295656
631.9818035355132
631.4625879654312
631.4625879654312
630.9461149733787
631.3477647065839
630.835953319086
630.3268993149507
629.8206093801631
629.8206093801631
629.3170901858617
628.8163483879853
629.2288931700451
629.2288931700451
628.7328526488814
629.1486310880761
628.6572993292928
629.4966242959529
629.4354613461177
629.4354613461177
630.2864428178667
630.7138812488591
630.2396369635918
631.1022104223689
631.5354305183519
631.5061361538777
631.9438266175246
632.8230400356802
632.8111882702455
633.2558724559923
632.8072376324404
633.2550828852462
633.7041896658093
633.2621889865208
633.2621889865208
632.8230400356802
633.2771904940206
633.2771904940206
632.8427924848319
632.8427924848319
632.8427924848319
632.411258596809
631.5227628518231
631.5227628518231
631.9825946970375
631.0950799998365
631.0950799998365
630.6702783547041
630.6702783547041
631.1339002145265
631.1339002145265
630.7138812488591
630.7138812488591
630.2967555048971
630.7654080559586
630.7654080559586
630.353075664742
630.8248568342881
630.8922253443927
630.8922253443927
630.9675110494993
631.4467515159137
632.0166137056841
631.1418224139484
631.6272635027718
631.2408415177206
630.8573531314349
631.3477647065839
630.9690959151644
630.5933713574858
630.2205962994227
629.3528422117437
628.984101547885
628.984101547885
628.117823342086
627.7531361928827
627.7531361928827
626.8883473155328
626.5277328259301
626.5277328259301
625.664446808351
625.664446808351
623.9390995922599
623.5847977621007
622.7238553323616
622.7238553323616
622.3736819628542
621.5142798037709
621.5142798037709
621.1682541791716
621.1682541791716
621.1682541791716
620.3104061677508
619.9685475893111
619.6297281441555
619.6297281441555
619.293952820468
618.4399728348742
618.1084047317266
617.7798960795018
616.6044112719272
616.283214115069
615.1178748825301
614.8040338189072
613.9584676507036
612.805026089049
612.4997959183333
610.8158478625124
609.6761435385183
608.8365954835501
607.9975328897314
606.8673660693909
606.0305272838984
605.1941837129633
603.5229904485826
601.8538028458406
601.8538028458406
599.353818708115
598.5215117270222
597.6897188341121
596.858442178713
596.0276839208058
595.7558224642039
594.3677312909913
592.7098784396967
591.8817449457282
591.0541430359827
591.0541430359827
590.2270749465836
589.9644057059713
589.1392025659131
589.1392025659131
587.4904254538963
587.4904254538963
585.8438358470626
585.8438358470626
584.199452242126
584.199452242126
583.949484116563
582.3100548676796
581.4911865196239
580.6728855388376
578.4617532732825
577.6443542526838
576.8275305496436
576.0112846116818
574.3805358819186
572.1713030203455
570.5436004373373
569.7306381089224
568.3352883641838
566.7106845648844
566.1271941887264
564.5033215137003
563.1074497820109
562.2961852973929
560.6754854637395
559.2790001421473
558.4693366694361
557.0727062062905
556.2634268042435
554.8666506468018
554.8666506468018
553.4699630512933
553.4699630512933
551.2640020897428
551.2640020897428
549.8672567083805
549.0582847020888
548.4706008529537
547.661391737632
547.0740352091296
546.2645879058974
546.2645879058974
544.8678738923777
544.2811773339217
543.4712503895676
542.8848865091015
542.0747180970535
541.4886887091918
540.0925846556311
538.6965750772878
537.300660710556
537.300660710556
535.3213987876816
533.9260248386474
531.949245699249
530.5544269912372
529.1597112403778
528.5801736728308
526.6080136116426
525.7917838840771
523.8205799698977
523.2446846361652
521.8515114474615
521.2772774637314
519.8846025802264
519.3120449209704
517.9198779734178
516.5278308087571
515.9573625795061
514.5658364096863
513.174434281366
513.174434281366
512.6060865811096
511.7831572062527
511.2152188657924
509.82447960057783
508.43386983952985
507.0433906481772
507.0433906481772
506.47803506173886
505.6530431036681
505.0881111251778
503.6983224113418
502.3086700426342
502.3086700426342
501.48280130030383
501.48280130030383
500.09299135260835
499.5297788921097
498.703318617392
498.14054241749886
497.31378424491714
495.9243893982227
495.9243893982227
495.0979701028878
495.0979701028878
493.70841597039845
493.70841597039845
492.31900227393214
492.31900227393214
492.31900227393214
491.7570538385799
490.9297302058615
490.36822898715616
490.36822898715616
489.80812569821666
489.80812569821666
488.97954967462596
487.86166071951175
487.86166071951175
486.7494221876386
485.3627509399542
484.809240836022
484.809240836022
483.70652259402084
483.70652259402084
481.22551885784276
481.22551885784276
480.1353975703104
480.1353975703104
478.7525456851378
478.2102048262877
476.82806125478817
476.28772816439437
474.90630654898655
474.90630654898655
473.52507853333384
472.9873148404722
471.60682777076073
471.60682777076073
470.2265411479875
470.2265411479875
468.8464567425033
468.8464567425033
467.4665763453041
467.4665763453041
467.4665763453041
466.086901768329
465.5534340975266
465.5534340975266
464.1745361391553
463.64318176804886
463.11337704713304
462.585127300911
462.0584378625717
461.5333140738597
460.4877848542782
459.96739014847566
459.44858254216
458.4157501657202
457.9017361836489
456.8785396579708
456.8785396579708
455.3559047602216
455.3559047602216
454.34898481233563
454.34898481233563
453.8479921735911
453.8479921735911
452.85096886282577
452.85096886282577
451.8605979724278
451.8605979724278
451.3679208805163
451.3679208805163
450.87692333939646
450.387610842039
449.89998888641907
449.89998888641907
449.41406297533683
448.92983861623634
448.92983861623634
448.44732132102206
448.44732132102206
447.9665166058731
447.9665166058731
447.9665166058731
447.4874299910557
447.88949529990094
447.4147963579211
446.94183066703437
446.4706037355651
446.0011210748242
445.5333881989093
445.9529123124996
445.48961828531986
445.48961828531986
445.0280890011326
445.45706863849404
445.0
444.5447109121871
444.091206848323
443.63949328255256
443.1895756896816
443.6361121459794
443.1907038736259
442.7471061452576
442.7471061452576
442.76404551408643
442.76404551408643
442.32680226276136
442.32680226276136
442.7922763554035
442.7922763554035
441.92872728529426
442.83179650969055
442.4036618293298
442.8826029547785
443.36553767743385
443.36553767743385
443.85245296156694
443.85245296156694
444.3433357213766
443.92792207744714
444.8381728224321
445.3369510831096
446.24880952222156
446.75272802748503
446.75272802748503
447.26055046247933
447.26055046247933
447.7722635447622
448.68808765109867
449.20485304591267
449.20485304591267
449.72547181586236
449.72547181586236
450.24993059410906
450.7782159776579
451.6990148317793
452.2322412212557
452.76925690687085
452.76925690687085
453.31004842160735
453.85460226817133
454.78016667396565
455.3295509847785
456.2565068029167
457.73900860643283
457.73900860643283
458.6676356578912
459.5965622151671
460.5257864658612
461.45530661159376
462.9492412781341
463.88037250998235
464.81178986768396
465.7434916346121
466.67547610732663
466.67547610732663
467.60774159545304
468.5402864215627
469.4731089210542
470.4062074420362
470.98195294512084
471.9163061391289
472.8509278831966
472.8509278831966
473.7858165880443
474.72097067645956
474.72097067645956
475.6563885831872
476.59206875482096
477.1771159642927
478.1140031415102
479.0511454949252
479.0511454949252
478.7034572676491
479.6415328138296
479.6415328138296
480.57985808812253
481.5184316306075
482.1140943801581
482.1140943801581
483.05382722839494
482.7131653477042
483.65380180455526
484.5946759922152
485.19892827581555
486.14092606979716
486.7494221876386
487.6925260858526
488.635856236523
489.57941133180833
490.5231900736193
491.4671911735309
493.0283967480981
493.973683509557
495.86490095589545
497.7569688110856
499.02705337486464
499.97299927096066
500.9191551538032
502.81209213780846
503.75887088963503
504.7058549293836
506.92109839697935
506.92109839697935
508.1899251264236
508.1899251264236
510.08332652616673
510.08332652616673
511.03033178080534
511.97753856980876
512.9249457766701
514.192570930386
515.139786854015
515.139786854015
516.0872019339367
517.9826251912317
518.9306312022832
519.8788320368507
520.8272266308666
521.7758139277826
523.0411073711128
523.0411073711128
523.9895037116679
524.938091587951
526.8358378090845
527.1517807994202
528.1003692481194
529.0491470553562
530.3140578939992
530.3140578939992
531.2626469082877
531.2626469082877
531.5797212083997
532.5279335396407
532.5279335396407
533.4763349952835
533.4763349952835
533.7939677441101
534.7419938624607
534.7419938624607
536.0083954566384
536.3282576929915
536.3282576929915
536.6497926953853
537.9191389047243
537.9191389047243
539.1892061234164
539.5145966514715
540.7864643276494
540.7864643276494
542.0590373750815
543.3323108374836
543.6625791794024
544.9376111079139
545.8809393997925
546.2133282884994
547.4897259309986
548.4323112290158
549.7090139337357
550.0445436507847
550.9863882166237
552.2644294176478
554.4844452281777
554.8224941366383
557.0430863048208
557.0430863048208
558.3233829959122
559.2638017966119
559.6043245008029
559.6043245008029
560.8859064016495
560.8859064016495
560.8859064016495
561.825595714542
562.1681243186953
562.1681243186953
562.5122220894405
563.796062419737
563.796062419737
563.796062419737
564.142712440744
564.4909210961679
564.8406855034435
565.1920027742784
565.8992843254001
565.8992843254001
566.2552428013361
566.6127425323225
567.3323540923785
567.6944600751358
568.0580956205096
568.4232577929936
568.7899436523118
570.087712549569
570.8274695562575
571.1996148458085
571.5732673944785
571.9484242482009
572.3250824487775
572.7032390339695
573.464035489585
572.9232060232855
573.307945174319
574.0818756937027
574.4710610640017
574.8617225037688
573.9416346633166
574.3343973679446
573.8100731078185
574.2064088809876
573.6871969985037
573.5730119174018
573.0619512757761
572.5539275911048
573.370735214137
572.3722564904766
572.7870459429054
572.7128425310541
573.1326199057248
573.0706762695156
572.5906041841763
573.0174517412188
573.4457254178463
572.9729487506369
573.4047436148396
572.9371693301108
572.9371693301108
572.4727067729955
572.4727067729955
572.0113635234881
572.0113635234881
571.5531471350674
570.6557631357103
570.6557631357103
569.7587208634898
568.8620219350207
568.4100632465967
567.5147575173706
567.5147575173706
565.7251983074468
565.7251983074468
563.9370532249145
563.0435151922096
561.2575166534521
561.2575166534521
559.4729662816604
559.0348826325599
558.1442465886395
557.7104983770702
557.7104983770702
556.8213357981176
556.3919481804171
555.5042754110899
554.616984954482
555.0792736177419
553.3073287062083
553.3073287062083
552.4219401870276
552.8878729001026
552.003623176515
552.003623176515
551.1197691972227
551.1197691972227
550.6523404108984
549.7681329433345
548.4168122878801
548.4168122878801
547.0658095695618
545.7151271496879
544.3647674124401
543.0147327651433
541.6650256385399
540.3156484870673
538.9666037891402
537.6178940474359
536.269521789184
534.0337068013591
533.5737999564822
532.2264555619158
530.879459011177
530.4224731287316
529.0765540070737
527.7309920783505
527.7309920783505
526.3857900817612
525.4950047336321
525.0409507838413
524.1497877515549
524.1497877515549
524.1497877515549
524.1497877515549
524.1497877515549
524.1497877515549
524.1497877515549
523.6964769787935
522.8049349422785
522.8049349422785
522.3523714888255
522.3523714888255
522.3523714888255
522.3523714888255
522.3523714888255
521.9013316710353
522.7944146602946
522.3456709880919
522.3456709880919
522.3456709880919
522.3456709880919
521.89845755664
521.89845755664
521.89845755664
521.89845755664
521.89845755664
521.89845755664
521.89845755664
521.89845755664
521.452778303079
520.5573935696236
520.5573935696236
520.5573935696236
520.5573935696236
520.5573935696236
520.5573935696236
520.1096038336535
