384.81294157031675
378.89312477267254
378.89312477267254
378.89312477267254
378.89312477267254
378.89312477267254
378.89312477267254
378.89312477267254
379.6801285292661
379.6801285292661
379.6801285292661
379.6801285292661
381.08398024582453
381.08398024582453
381.08398024582453
381.08398024582453
381.08398024582453
381.08398024582453
381.08398024582453
381.08398024582453
381.08398024582453
381.08398024582453
381.08398024582453
381.08398024582453
380.2972521594128
380.9160012391183
380.9160012391183
380.13155617496426
380.13155617496426
379.97105152892897
379.97105152892897
379.97105152892897
379.18992602652304
379.18992602652304
379.18992602652304
378.4098307391075
378.4098307391075
378.4098307391075
378.4098307391075
378.4098307391075
377.63077205121937
377.63077205121937
377.63077205121937
377.63077205121937
377.63077205121937
378.2591704109763
378.2591704109763
378.2591704109763
378.2591704109763
377.48244992317194
377.48244992317194
377.48244992317194
377.48244992317194
377.48244992317194
377.48244992317194
377.48244992317194
377.48244992317194
377.48244992317194
377.48244992317194
377.48244992317194
377.48244992317194
377.48244992317194
377.48244992317194
377.48244992317194
377.48244992317194
377.48244992317194
377.48244992317194
377.48244992317194
378.1137395017536
378.1137395017536
378.1137395017536
378.2591704109763
378.2591704109763
378.2591704109763
378.2591704109763
378.2591704109763
378.2591704109763
378.2591704109763
377.63077205121937
377.63077205121937
377.00397875884545
377.00397875884545
376.3787985527346
375.7552394844282
375.7552394844282
375.7552394844282
375.13330963805384
374.5130171302461
374.5130171302461
374.5130171302461
373.89437011006197
373.89437011006197
373.89437011006197
373.89437011006197
373.2773767588923
373.2773767588923
372.6620452903676
372.6620452903676
372.6620452903676
372.6620452903676
372.6620452903676
372.6620452903676
372.6620452903676
372.6620452903676
372.6620452903676
372.0483839502599
372.0483839502599
372.0483839502599
372.83910739084223
372.83910739084223
372.83910739084223
372.83910739084223
372.83910739084223
373.6308338453881
373.6308338453881
373.6308338453881
373.02144710458674
373.02144710458674
373.02144710458674
373.02144710458674
373.81546249453083
373.81546249453083
373.81546249453083
373.81546249453083
373.20905669610966
373.20905669610966
372.6043478007201
372.0013440835933
372.0013440835933
371.4000538502923
370.80048543657546
370.80048543657546
370.20264720825537
370.20264720825537
369.60654756105174
369.60654756105174
369.0121949204389
367.6139279189514
367.02179771779225
366.43143969916116
366.43143969916116
366.43143969916116
365.8428624423333
365.2560745559203
364.44615514503647
363.85986313414674
363.27537764070934
363.27537764070934
362.6927073984256
362.1118611699981
362.1118611699981
361.53284774692327
361.53284774692327
361.53284774692327
360.95567594927775
360.95567594927775
360.95567594927775
360.95567594927775
360.3803546254984
360.3803546254984
360.3803546254984
359.80689265215585
359.80689265215585
360.6272313622475
360.6272313622475
360.6272313622475
360.6272313622475
360.8794812676387
360.8794812676387
360.8794812676387
361.70291677010295
361.70291677010295
361.13709308239163
361.9627052611912
361.9627052611912
361.9627052611912
362.7891949879434
362.22782885913114
362.22782885913114
362.49827585796874
362.49827585796874
362.49827585796874
362.49827585796874
361.9419843013518
362.7740343519641
362.22092705971585
362.22092705971585
361.6697388502389
361.1204785109812
360.5731548521049
360.5731548521049
359.48435292791254
358.9428923937623
358.9428923937623
357.865896670806
357.33037934102384
356.79686097273895
356.2653505464712
355.735857062512
355.2083895405625
354.682957019364
354.1595685563218
353.63823322712153
353.11896012533794
352.60175836203655
352.60175836203655
352.08663706536777
352.432972350772
352.432972350772
351.9232870953555
351.9232870953555
351.9232870953555
351.4157082431006
351.4157082431006
351.7740752244258
351.7740752244258
351.7740752244258
351.7740752244258
351.2719744016024
351.2719744016024
351.2719744016024
352.1377571349031
352.1377571349031
352.1377571349031
352.1377571349031
352.1377571349031
352.1377571349031
352.5067375242635
352.5067375242635
352.5067375242635
352.5067375242635
352.5067375242635
352.5067375242635
353.3751547576598
353.3751547576598
353.3751547576598
353.3751547576598
353.3751547576598
353.3751547576598
353.3751547576598
353.3751547576598
353.3751547576598
353.3751547576598
353.3751547576598
353.3751547576598
353.3751547576598
353.3751547576598
353.3751547576598
354.24426600863984
353.75132508585745
353.75132508585745
353.260527090135
353.260527090135
354.13274347340433
353.6453025278294
353.1600203873592
353.1600203873592
352.6769059635178
352.6769059635178
353.5533905932738
353.5533905932738
353.5533905932738
353.5533905932738
353.0736467084452
353.0736467084452
353.0736467084452
353.47560028946833
353.47560028946833
353.47560028946833
354.35575344560164
354.35575344560164
353.88274894377093
353.88274894377093
354.76471075911707
354.29507476113747
354.29507476113747
354.29507476113747
354.29507476113747
355.178828197853
355.178828197853
354.71255968741787
355.59808773389096
355.59808773389096
355.59808773389096
356.02247120090607
356.02247120090607
355.5629339512205
355.5629339512205
356.45196029759745
356.45196029759745
355.99578649191903
356.8865365911132
356.4337245547901
356.4337245547901
357.3261815204702
356.87672941787616
356.87672941787616
357.77087639996637
357.32478223599327
357.32478223599327
357.32478223599327
357.777864044158
357.33737559902687
357.33737559902687
357.7988261579403
357.7988261579403
358.69903819218695
358.69903819218695
358.2652648527345
358.2652648527345
359.1670920337775
359.6400978756401
359.6400978756401
359.6400978756401
360.1180362047977
360.1180362047977
360.1180362047977
360.6008874087805
360.6008874087805
360.6008874087805
361.08863177895813
361.9972375585206
361.9972375585206
362.49137920783716
362.49137920783716
362.9903579986664
362.9903579986664
363.90245945857527
364.4077386664559
364.4077386664559
364.4077386664559
364.9177989629993
364.9177989629993
364.51611761347397
365.4326203282898
365.95218266871973
365.95218266871973
366.47646582011237
366.08468965527635
366.08468965527635
366.61696632861936
366.61696632861936
366.23080154459973
365.84696254034964
366.77104574925215
366.3905020603018
366.0122948754591
366.9386869764484
366.5637734419483
366.5637734419483
367.4914965002592
367.119871431662
366.75059645486607
366.75059645486607
367.3145790735783
366.95095040073136
367.88313361718554
367.52278840909986
367.16481312892716
367.74447650508637
367.74447650508637
368.32865758721516
368.32865758721516
367.97961900083544
368.57156699886656
368.2281901212888
368.8278731332544
368.8278731332544
368.8278731332544
369.43199644860215
369.43199644860215
370.37413516605073
370.98382714075285
370.98382714075285
370.6534769835567
371.5979009628553
372.21633494514987
372.21633494514987
373.1621631409058
373.7860350521405
373.7860350521405
374.73323845103465
374.4142091320787
375.3624914665822
375.3624914665822
376.31104156003715
375.99601061713406
376.9456194200962
376.9456194200962
376.9456194200962
377.58442764499705
377.58442764499705
377.58442764499705
378.2274448000832
378.2274448000832
378.2274448000832
378.87464945546304
378.87464945546304
378.87464945546304
379.52602018833966
379.52602018833966
380.1815355853043
380.1815355853043
379.8855090681928
380.8411742445924
380.54828865730036
380.54828865730036
381.21516234273787
381.21516234273787
380.9278146840947
380.9278146840947
381.6018867877883
381.3200755271088
381.3200755271088
382.00130889828114
382.00130889828114
382.00130889828114
382.6865558129786
382.6865558129786
383.64827641995214
383.37579474974683
383.37579474974683
384.0690042166902
384.0690042166902
383.80203230311326
384.76616275343133
384.76616275343133
384.76616275343133
385.7304758506903
385.4672489330319
386.4324002979046
386.4324002979046
386.4324002979046
387.39772843939085
387.39772843939085
388.3632320392856
388.1043674065006
389.07068766485094
389.07068766485094
390.0371777151506
391.0038362983156
391.0038362983156
391.0038362983156
391.97066216746373
392.93765408777
392.93765408777
393.90481083632375
393.90481083632375
394.62007044751283
394.62007044751283
395.58816969166304
396.55642725846724
396.55642725846724
396.55642725846724
397.52484199103833
397.52484199103833
398.4934127435484
398.4934127435484
399.2154806617599
399.2154806617599
400.1849572385249
400.1849572385249
400.1849572385249
400.9114615473097
401.8818234257429
401.8818234257429
402.8523302650737
402.8523302650737
402.8523302650737
403.58394418014205
403.58394418014205
403.58394418014205
404.5553114223072
404.5553114223072
404.31918084602415
405.2912532981683
406.2634613154375
406.2634613154375
407.003685486999
407.003685486999
406.77389296757974
407.74747086891904
408.7211763537583
408.4947980084936
409.4691685585131
409.4691685585131
410.22067232161766
411.19581709934744
410.97566837952826
411.9514534505249
411.9514534505249
412.71055232450743
412.71055232450743
413.6870798079147
413.6870798079147
414.45023826751503
414.45023826751503
415.4274906647368
416.4048510764494
416.19466599176883
417.17262613934776
417.94377612305703
417.94377612305703
418.9224271867048
418.9224271867048
418.9224271867048
419.697510118895
420.676835587604
420.676835587604
421.4558102577303
421.4558102577303
421.4558102577303
422.43579393796637
422.43579393796637
423.21861962820117
423.21861962820117
424.19924563817887
424.00471695489426
424.98588211845345
424.98588211845345
425.77576257931827
426.75754240552095
426.75754240552095
427.551166528639
427.551166528639
427.551166528639
429.33087473416117
429.33087473416117
429.33087473416117
430.1313752796929
430.9350299059012
431.9189738828337
431.9189738828337
432.7262414044242
432.7262414044242
433.53661898391005
434.5215759890411
435.33550280214916
435.33550280214916
436.32098276383635
437.13842201298206
437.13842201298206
438.1244115545264
438.9453268916301
439.9318128983172
439.9318128983172
440.75616841968304
440.75616841968304
441.74313803385786
442.7301661283089
442.7301661283089
443.71725231277634
444.7043962004423
444.7043962004423
445.5333881989093
446.52099614687774
446.52099614687774
447.5086591340999
447.5086591340999
448.4963767969592
448.4963767969592
449.4841487750152
450.4719747109691
450.4719747109691
451.4598542506299
452.6035793053343
452.6035793053343
453.5912256646947
453.5912256646947
453.5912256646947
453.5912256646947
454.7361872558638
455.72360044219784
455.72360044219784
456.71106840101874
457.85696456426217
457.85696456426217
458.8442001376938
458.8442001376938
459.83149087464636
459.83149087464636
460.81883642056124
461.96536666724273
461.96536666724273
461.96536666724273
462.95248136282845
462.95248136282845
463.93965124787513
464.9268759708348
464.9268759708348
465.91415518311953
465.91415518311953
465.91415518311953
466.9014885390707
467.88887569592845
468.87631631380145
469.8638100556373
469.8638100556373
470.85135658719304
471.6831563666441
471.6831563666441
472.6711330301439
472.6711330301439
473.65916015633013
473.65916015633013
474.4944678286566
475.482912416419
475.482912416419
476.47140522805773
476.47140522805773
476.47140522805773
477.45994596405677
477.45994596405677
477.45994596405677
478.4485343273611
479.4371700233514
479.4371700233514
480.42585275981975
481.4145822469444
481.4145822469444
481.4145822469444
482.4033581972663
482.4033581972663
483.54213880488226
483.54213880488226
483.54213880488226
483.54213880488226
484.6823702178572
485.67067031065403
485.67067031065403
486.6590182047385
486.6590182047385
487.8001640016125
487.8001640016125
487.8001640016125
488.78829773225954
488.9427369334777
488.9427369334777
489.93060733128317
489.93060733128317
490.9185268453412
491.07433245894657
492.0619879649311
492.0619879649311
493.0496932358847
493.0496932358847
494.0374479733292
495.025251881154
495.025251881154
496.0131046655925
496.0131046655925
497.0010060351991
497.98895570082675
498.9769533756043
498.9769533756043
499.96499877491425
499.96499877491425
500.80035942479117
501.78880019386645
501.78880019386645
502.7772866787043
502.7772866787043
503.7658186101951
504.6047958551326
504.6047958551326
505.5937104039171
506.5826684757385
506.5826684757385
507.5716698161945
507.5716698161945
507.5716698161945
508.56071417285074
508.56071417285074
509.54980129522176
509.40357281825186
510.39298584522106
510.39298584522106
511.38244005831876
511.38244005831876
512.3719352189383
512.3719352189383
513.361471090303
513.361471090303
514.3510474374481
514.3510474374481
515.3406640272044
515.4852083231875
515.4852083231875
516.4745879518179
516.4745879518179
516.4745879518179
517.4640084102468
517.6098917138273
518.5990744303349
518.5990744303349
518.5990744303349
519.7355096585185
519.7355096585185
519.7355096585185
520.7244952947768
520.7244952947768
521.8620507375489
521.8620507375489
521.8620507375489
522.8508391501347
522.8508391501347
522.8508391501347
523.9895037116679
523.9895037116679
523.9895037116679
524.978094781106
525.9667289857791
526.9554060829056
526.9554060829056
527.9441258315126
528.9328879924182
528.9328879924182
529.9216923282156
529.9216923282156
530.9105386032566
530.9105386032566
530.9105386032566
531.8994265836353
532.8883560371722
532.8883560371722
533.8773267333986
534.8663384435405
534.8663384435405
535.8553909405036
535.8553909405036
535.8553909405036
536.9925511587661
536.9925511587661
537.9814123183068
537.9814123183068
538.9703145814248
539.1196527673611
540.1083224687433
540.1083224687433
541.0970338118664
541.2476327892807
542.2361109332354
542.3882373355823
543.5301279598032
544.5181356024792
544.6732965732762
544.8302487931447
545.8177351460834
545.9761899570346
545.9761899570346
546.136429841482
547.1233864495284
547.1233864495284
547.2851176489271
548.4350462908073
548.4350462908073
548.6000364564334
548.6000364564334
548.9353331677603
549.9209034033895
549.9209034033895
550.0909015790027
550.0909015790027
551.2476757320615
551.2476757320615
552.2327407896058
552.4056480522262
552.4056480522262
552.4056480522262
553.5648110203538
553.5648110203538
553.5648110203538
554.7251571724506
554.7251571724506
554.9026941725909
555.8866790992568
555.8866790992568
557.0493694458329
557.0493694458329
557.0493694458329
558.0331531369799
558.0331531369799
558.0331531369799
558.2132209111497
559.1967453410293
559.1967453410293
560.3614904684297
560.3614904684297
560.3614904684297
560.3614904684297
560.3614904684297
561.5273813448459
561.5273813448459
561.5273813448459
562.6944108483751
562.6944108483751
563.8625719091488
563.8625719091488
563.8625719091488
564.8451115128819
565.0318575089373
565.0318575089373
566.0141340991406
567.1842734068003
567.1842734068003
568.1663488803257
568.3555225384899
569.3373340999166
569.3373340999166
570.3192088646498
571.3011465068139
572.4727067729955
572.4727067729955
573.4544445725397
573.4544445725397
573.4544445725397
575.6083738098326
575.6083738098326
576.589975632598
577.5716405780325
578.5533683248244
579.5351585538189
579.5351585538189
579.5351585538189
580.5170109479997
581.4989251924719
581.4989251924719
582.480900974444
582.480900974444
583.4629379832107
584.4450359101359
584.4450359101359
585.4271944486351
585.4271944486351
586.4094132941592
586.4094132941592
587.3916921441773
587.3916921441773
588.3740306981606
588.3740306981606
589.5438914957901
589.5438914957901
589.5438914957901
590.714821212402
590.714821212402
590.714821212402
590.714821212402
590.714821212402
591.8868135040685
592.0785420871119
592.0785420871119
593.2528971694956
593.2528971694956
593.4475545488414
593.4475545488414
594.6242511031652
594.821822061027
595.0210080324896
595.0210080324896
596.2013082843747
596.2013082843747
597.3826244543776
597.5859770777759
597.5859770777759
597.7909333537939
598.9757924991627
598.9757924991627
599.1836112578515
599.1836112578515
600.3707188063055
600.3707188063055
601.3484846576068
601.5588084302316
602.7478743222575
602.7478743222575
603.937910715994
603.937910715994
604.9148700437112
605.1289118857237
606.105601360027
606.320872146094
607.2972912832726
607.2972912832726
608.4899341813306
608.7076473973364
609.902451216586
609.902451216586
609.902451216586
611.09819178263
611.3198835307093
612.5177548447065
612.5177548447065
613.7165469498113
614.9162544607192
615.1430727887619
615.1430727887619
616.3448709935047
616.5744075129943
617.7782773778955
618.0105177098526
618.2442882874051
619.4513701655684
619.6878246343073
620.896931865507
620.896931865507
621.1360559490972
622.347169994369
623.5591391359765
623.8020519363495
625.0159997952053
625.2615452752552
625.5085930664742
626.7256177945816
626.7256177945816
628.1942374775496
628.1942374775496
628.4464973249513
629.6673725071039
629.6673725071039
630.8890552228656
631.1449912658738
632.3685634185179
632.6270623360971
632.8870357338661
632.8870357338661
634.1135544995076
634.3760714276666
634.6400554645129
634.9055047800421
634.9055047800421
635.1724175371597
636.1359917501917
636.1359917501917
636.4039597614081
636.4039597614081
636.4039597614081
636.9442675776272
636.9442675776272
637.2166036757046
637.4903920844612
637.4903920844612
637.7656309334958
637.7656309334958
638.72685868061
639.0031298827886
639.2808459511359
639.2808459511359
639.5600050034399
639.5600050034399
639.8406051510017
640.1226444986929
640.1226444986929
640.4061211450122
640.6910331821415
640.6910331821415
641.2651557663179
641.2651557663179
641.554362466658
642.8016801471508
643.0933058273893
643.386353601007
643.6808215256999
643.9767076533126
644.5727266957547
644.5727266957547
646.430197314451
646.430197314451
647.686652633818
648.297771089798
648.6054270509923
649.8653706730341
650.1753609604104
651.7491848863334
651.7491848863334
653.0122510336234
653.326870716336
653.6428688511793
654.9083905402342
655.2266783335367
655.2266783335367
656.4937166492913
656.8142812089275
657.1362111465172
657.4595044563581
657.4595044563581
658.729838401146
659.0553846225672
659.0553846225672
659.3822866895956
659.3822866895956
659.3822866895956
659.7105425866711
659.7105425866711
660.0401502939045
660.3711077871291
660.3711077871291
661.6464312606847
661.6464312606847
661.9796069366488
661.9796069366488
662.3141248682531
662.6499830227116
662.6499830227116
662.9871793632211
664.2665127793211
664.6058982585093
664.9466143984794
665.2886591548063
666.9152869742903
667.2608185709693
668.5454360026699
668.8931155274361
669.5924133381441
670.8800190794178
671.5861821091914
671.9412176671409
673.5888953954036
674.880730203493
675.239957348497
676.8943787623
676.8943787623
677.6208379322466
678.9167842968681
679.2827099227537
679.6499098800793
680.018382104484
681.3171067865535
681.3171067865535
681.6876117401578
682.0593815790528
682.0593815790528
682.432414236018
682.432414236018
682.8067076413354
682.8067076413354
683.1822597228356
684.1089094581359
683.1822597228356
683.5590684059425
683.5590684059425
683.5590684059425
683.9371316137178
683.9371316137178
683.9371316137178
684.3164472669059
684.3164472669059
684.6970132839781
684.6970132839781
684.6970132839781
685.0788275811769
685.4618880725609
685.4618880725609
686.2317392834581
686.6185258205608
687.0065501871143
687.3958102869118
687.3958102869118
687.7863040218233
688.1780292918396
688.5709839951144
688.9651660280075
688.9651660280075
689.7572036593746
689.7572036593746
690.1550550419811
690.5541253225557
690.9544123891243
690.9544123891243
691.3559141281718
691.3559141281718
691.7586284246839
692.1625531621889
692.567686222798
691.6538151416502
692.0606909802059
692.4687718590637
692.4687718590637
691.5562160808042
691.9660396291135
691.9660396291135
691.9660396291135
691.4658342969666
691.4658342969666
690.9681613504345
690.4730262653278
690.4730262653278
689.9804345052112
690.3984356876832
689.4903915211581
689.0029027515051
689.0029027515051
688.5179736216041
688.0356095435759
687.1302642148721
686.6512943263124
687.0785981239701
686.6039615382364
686.1319115155627
685.6624533981717
685.1955925135537
684.2952579113785
683.8318506767581
683.8106463049548
683.3542273228431
683.7967534289703
683.3447153523615
682.8953067637821
682.4485328579731
682.0043988127936
681.5629097889644
681.5629097889644
681.5783153827592
679.8235065073875
680.2830293341148
679.395319383347
679.4328517226702
679.4328517226702
679.0117819301812
678.126831794761
678.126831794761
677.7093772407167
678.1777053250865
677.2946183161357
677.7647084350143
676.8825599762488
676.4732071560558
676.0665647700675
676.0665647700675
675.6626377120464
675.6626377120464
675.2614308547468
674.862949049657
674.4671971267394
674.0741798941716
674.0741798941716
674.1698599017906
673.7840900466558
673.7840900466558
673.4010692002204
673.8916826909203
674.3834220975483
674.0066765247952
674.50129725598
674.1290677607664
673.7596010447643
674.258852370512
673.8939085642487
673.8939085642487
674.3960260855634
673.5317364460267
674.0356073680381
673.6779646092041
673.6779646092041
673.3231022325017
673.3231022325017
672.9710246362766
673.4812543790658
673.4812543790658
673.1337162852564
673.1337162852564
672.2752412516767
671.9315441322873
671.0745115112032
670.7346718338034
670.7346718338034
669.8790935683842
669.0239158654944
668.6890159109838
667.8353090395865
666.9820087528599
666.6520831738246
664.9488702148459
664.6239538265229
663.7740579444184
662.9245809290827
662.6047087064806
660.9092222083151
661.4408514750204
660.28251529175
660.28251529175
659.9734843158474
659.6673404072692
658.5225888304819
658.5225888304819
658.2233663430675
657.9270476276226
658.4717154138058
657.8913284122234
658.4405819813963
658.4405819813963
658.4291913334341
657.597141113007
657.8791682368427
657.0494654133736
657.6085461731774
657.0760990935524
657.6397189951349
657.3796467795455
657.122515213107
657.6906567680584
656.8683277491768
657.4382100243338
656.6170878068891
657.188709580437
657.188709580437
656.942158793299
656.942158793299
656.6985609851753
655.8810867832674
655.8810867832674
655.0641189990488
655.6416704267659
654.8259310687077
654.8259310687077
654.0107032763302
653.1959889650273
653.1959889650273
652.963245519991
652.963245519991
652.1502894272148
651.3378539590648
651.3378539590648
651.1105896850396
650.299930801165
649.4897997659393
649.4897997659393
649.2680494218085
648.459713474939
649.0493047527283
648.2422386731677
647.4357110941595
647.2225274200521
646.4178215365043
645.6136615654907
645.4060737241322
645.2015189070776
644.4004965857802
644.4004965857802
644.2002794162697
644.003105582574
643.2052549536578
643.0124415592594
642.2164744071893
641.4210785435727
640.6262560963295
640.6262560963295
639.6475592074123
639.6475592074123
638.8552261663044
638.0634764660958
637.2723122810216
636.481735794516
635.6917491992483
634.9023546971613
632.7100441750549
632.7100441750549
631.1339002145265
629.7301009162576
628.1560315717744
627.3699068332812
626.5843917621951
624.3949070900562
623.6104553324936
621.4217569412903
619.8556283522801
618.4504830623063
617.6681957167618
616.8865373794439
614.6999267935535
613.919375814121
612.5136733167677
611.7336021504785
611.7336021504785
609.5481933366713
608.7692502089769
607.9909538800721
606.5847014226455
606.5847014226455
605.8068999276915
605.0297513345935
605.0297513345935
604.2532581625026
604.2532581625026
603.4774229414055
603.4774229414055
602.7022482121665
601.9277365265701
601.9277365265701
600.5206074732157
600.5206074732157
599.7466131625922
599.7466131625922
598.9732882190991
598.9732882190991
598.2006352387132
597.5658959478862
596.7930964748168
596.7930964748168
595.3855893452578
594.6133197297215
593.2056978822776
592.570670890823
591.7981074657133
591.1632600221363
590.3905487048382
589.7558817002167
588.9830218266057
587.5755270601389
587.5755270601389
586.1680646367558
585.3955927404988
584.7606347899967
583.2160834544945
582.5804665451803
581.8083877016556
581.8083877016556
581.0370039851163
579.6291918114546
579.6291918114546
578.8583591864248
578.0882285603124
578.0882285603124
577.3188027424709
576.6801539848584
575.9105833373789
575.141721665191
574.373571815417
574.373571815417
573.6061366477873
573.6061366477873
572.839419034689
572.839419034689
572.7172077037671
571.952795254993
571.1891105404584
571.1891105404584
570.4261564830281
569.6639360184213
570.312195205398
570.312195205398
569.5515779979896
569.5515779979896
568.7917017678792
568.7917017678792
567.3817057325695
567.3817057325695
566.6224492552338
566.6224492552338
565.8639412438293
564.4537182090309
564.4537182090309
563.0435151922096
562.285514663147
560.87520893689
560.2231698171721
558.8130277651014
557.4029063433379
555.9928057088508
554.5827260202034
553.1726674375732
553.1726674375732
551.762630122773
550.3526142392711
549.59348613316
548.1833634834243
547.5326474284433
545.3631817422221
545.3631817422221
543.1942562288375
543.1942562288375
542.4361713602809
541.0258773848068
540.2684517904039
538.7559744448315
538.1012915799404
537.3453265824502
536.5901601781381
535.1794091704202
534.4249245684562
533.671247117549
533.671247117549
530.849319487178
530.849319487178
528.6851615091916
528.6851615091916
525.8631000555182
525.8631000555182
523.0411073711128
521.6301371661725
519.4660720393586
518.8082497416555
516.6439779964536
515.8914614528912
513.821953598715
512.4109678763716
511.0
510.2469990112632
508.17811837976654
508.17811837976654
506.1106598363642
505.3563099437861
503.2891812864648
502.53457592488104
501.12373721467236
500.4677811807669
499.8129650179155
499.05711096025874
497.64646085348585
496.2358310319802
495.58147665141803
494.17102302745354
493.51798346159586
492.7605909567038
491.350180624776
490.69746280167374
489.2872367025324
489.2872367025324
487.8770336877931
487.2258203338571
485.8158087176662
485.165950989968
483.7561369119776
481.6980381940537
479.6415328138296
478.35133531746305
477.58664135421543
476.94234452394767
474.89051369763115
473.4817842325088
471.4318614603811
470.02340367262565
468.61498055439927
468.61498055439927
466.56725131539184
466.56725131539184
465.1591125625725
465.1591125625725
463.11337704713304
462.34294630717574
460.93491948430204
459.66183222016593
459.02723230762683
457.61992963593707
456.98687070855766
456.3551248753541
454.9483487166428
454.31817044886066
453.68932101163676
453.68932101163676
452.4356307807775
451.8108011103763
451.1873225169342
451.1873225169342
449.7821694998591
449.7821694998591
449.1603277227409
448.5398533017997
448.5398533017997
447.1353262715886
446.51651705172117
445.1123453691214
443.7082374714267
443.0914126904289
441.6876724564542
441.0725563895355
439.6691938264495
439.6691938264495
437.65283044897586
437.65283044897586
435.63861169551996
435.0287346831241
433.62656745176486
433.01847535642173
431.6167281280928
431.010440708807
429.6091246703217
429.00466197933093
428.4016806689722
427.6037885706814
427.0011709585818
427.0011709585818
426.4000469043126
426.4000469043126
426.4000469043126
425.80042273346794
425.80042273346794
425.80042273346794
425.80042273346794
425.2023047914957
425.2023047914957
426.00469480981076
426.00469480981076
426.21356149235794
425.6207231796873
425.6207231796873
425.8368232081392
425.8368232081392
425.2481628414166
425.2481628414166
424.6610413023545
424.0754649823543
422.9089736574527
422.3280715273376
421.17098665506387
419.44725532538655
418.87587660308157
418.3061080118243
417.7379561399706
416.04326698073123
414.9216793564781
414.3633671066978
413.80671816682724
413.25173925828796
413.25173925828796
412.6984371184364
412.146818500398
412.146818500398
412.4330248658562
411.8859065323794
411.8859065323794
412.7238786404295
412.1795725166399
412.1795725166399
413.0193700058146
412.47787819469784
412.78081350760476
413.08836827003495
413.08836827003495
412.0218440811118
412.33966580963323
411.8118502423164
411.2857887163134
411.61389675277
410.9111826173632
410.396150079408
409.3714694504247
409.72307721191396
409.21632421006865
409.07334305720775
408.5731268695972
408.4470589929618
407.9534287146022
408.3331972788889
407.8443330487749
407.74747086891904
407.74747086891904
407.265269818088
407.66285089519744
407.66285089519744
408.06494581132546
408.06494581132546
408.94498407487526
408.471541236351
408.0
408.8826237442721
408.8324840322745
409.255421466839
409.255421466839
409.2248770541693
408.7688833558641
409.65961480233807
408.7554280985147
409.6486299256962
409.2004398824615
409.6498504820916
409.20654931220247
409.66327636242914
409.68890636676997
409.68890636676997
409.72673820486744
410.6300037746877
410.2023890715411
410.68235900754246
411.16663288744627
412.0740224765449
411.655195521689
412.1480316585292
413.05810729242444
413.55652576159406
413.55652576159406
414.46833413422553
414.97228823139505
415.88580163309257
415.48044478651457
417.31043600657773
417.8253223537319
417.42664026149555
418.3443557644826
419.26244763870756
419.78685067543506
420.31535779697606
420.8479535414186
421.3846224057067
421.3846224057067
421.9253488473998
422.47011728641826
423.01891210677564
423.5717176582969
422.8297529739363
423.7593656782113
423.39225311760254
422.6641692881004
422.30320860727545
422.87823306479135
422.87823306479135
422.5221887664599
423.1040061261533
423.1040061261533
422.7528828996912
422.7528828996912
423.3414697380827
423.3414697380827
423.9339571206817
423.9339571206817
423.9339571206817
424.53032871633565
424.53032871633565
424.53032871633565
424.1898160022232
425.13056817876554
425.13056817876554
426.07159022868444
425.73465914816
425.73465914816
426.67669259053747
426.67669259053747
426.67669259053747
427.28561876103436
428.2289107475113
428.2289107475113
428.84262847809333
429.4601262049831
430.4056226398535
431.02784132814435
431.97453628657325
432.601433192263
433.8663388648628
435.454934522506
436.0974661701212
437.69624170193646
438.64906246337745
440.9104217411968
442.2329702769797
442.8995371413251
445.4862511907635
446.1614057714988
447.8001786511479
449.44410108488466
451.0931167730228
451.7842405396629
453.71025996774637
454.4062059435368
456.3343072792139
457.0350095999211
458.0
459.9304295216832
460.6365161382671
461.6026429733695
461.6026429733695
463.5353276720125
464.5018837421437
464.5018837421437
465.46858110940207
466.1812952060604
468.11643850648954
469.0842141876019
470.0521247691579
470.0521247691579
471.02016941952706
471.02016941952706
471.98834731378696
472.95665763365673
474.89367230991826
475.8623750623703
475.8623750623703
476.83120703242565
477.8001674340435
478.76925548744254
479.73847041903986
480.70781146139075
481.67727785312854
482.64686883890585
483.61658366933614
484.34388609747106
484.34388609747106
485.3143311298359
486.28489592007685
487.01642682767897
487.9877047631426
488.9590984939333
489.93060733128317
490.90223059179516
492.8458176752644
492.61140871888057
494.5563668582177
495.5290102506613
496.5017623332268
497.4746224683225
498.4475900232641
499.42066437022805
499.42066437022805
501.36713095295744
502.3405219569689
503.5434440045864
503.5434440045864
504.74746160827794
505.7202784148565
505.9525669467445
506.9250437688002
508.1308886497651
509.33780539048934
509.33780539048934
510.54578638942854
510.54578638942854
511.7548241101397
511.994140591472
511.994140591472
513.2056118165506
513.2056118165506
514.4181178768881
514.4181178768881
515.3882032022076
515.3882032022076
516.601393726343
516.601393726343
517.5712511336
518.5412230478885
518.7851192931424
519.754749858046
520.7244952947768
521.6943549627501
522.6643282260613
523.6344144534429
523.6344144534429
524.6046130182235
525.3341793563408
525.3341793563408
527.2760187985036
527.2760187985036
528.2471012698508
528.2471012698508
529.2182914450331
529.2182914450331
530.1895887321817
531.1609925436919
532.1325022961856
533.1041174104736
534.3126425605144
534.3126425605144
535.5221750777459
536.4932432006949
536.7327081518323
537.7034498680476
538.9146500142671
540.1268369559135
540.1268369559135
542.3098745182499
542.3098745182499
543.5236885362035
544.4933424753694
545.7077972688314
545.9542105341802
547.170905659283
548.139580763878
548.3885483851756
549.3568967438199
550.5751538164432
551.7943457484863
551.7943457484863
553.0144663568938
553.2684700938596
554.4907573621043
555.7139551963762
555.972121603233
557.1974515376035
558.4236742832453
559.6507839715763
559.6507839715763
561.4098324753495
562.3735413406289
565.1061847122185
565.3777498274936
566.6127425323225
568.1241061599129
570.3227156619312
571.5610203644052
573.0802736092039
574.6042116100438
576.805859887016
577.37769267612
579.5808830525727
581.1170278007693
581.4086342668123
582.6577039737825
584.2028757204127
585.7525074636898
587.3065638999789
588.5618064400713
588.865009998047
590.4278109980932
590.4278109980932
591.6865724351027
591.9949324107429
593.5663400160087
593.8787755089418
594.1927296761548
595.4569673788359
595.4569673788359
596.7218782649082
597.0393621864474
598.3059418056953
598.3059418056953
598.9474100453227
599.8941573311079
600.2166275604167
600.5405898022215
601.8114322609699
601.8114322609699
602.1378579694189
603.4103081651821
603.7391820977002
604.0695324215583
604.0695324215583
605.3445299992394
605.6773068227008
606.620144736391
606.953869746293
607.289058027559
607.6257071586093
608.567169669873
608.9047544567212
609.2437935670745
609.5842845743318
610.8657790382434
611.2086386824061
611.5529412896319
611.8986844241455
612.2458656454937
612.5944825086168
612.9445325639181
613.2960133573347
613.2960133573347
613.6489224304073
613.6489224304073
614.00325732035
614.3590155601202
615.074792200103
615.4348056455696
615.4348056455696
615.7962325315087
615.2276001611111
615.5923976138756
615.5923976138756
616.3262123259078
616.3262123259078
616.6952245639657
617.0656367032602
617.8106506042122
618.1852473166923
618.9386076179123
619.3173661379116
620.0790272215309
620.461924698043
621.2318407808795
621.6188542829118
622.0072346846136
623.7082651368346
623.1805516862669
624.8879899630012
624.8879899630012
625.6812287419209
625.6812287419209
626.0798671096204
626.4798480398232
626.8811689626672
627.2838273062681
627.2838273062681
627.6878204967817
628.0931459584638
628.4998011137315
628.4998011137315
628.9077833832239
629.3170901858617
629.7277189389077
629.7277189389077
630.1396670580261
630.5529319573417
630.5529319573417
630.5529319573417
630.9675110494993
630.9675110494993
631.3834017457222
631.3113336540063
631.3113336540063
631.7317468672918
632.1534623807735
632.5764775898642
632.0957205993409
632.5219363784943
632.0458844103014
632.4752959602454
632.4752959602454
632.9059961795274
632.4365580831013
631.9699359937939
632.4057241992675
631.9438266175246
632.3827954648988
632.8230400356802
632.3677727398828
632.3677727398828
632.8111882702455
632.3606565876786
631.9129686911007
631.9129686911007
631.4681306289336
631.4681306289336
631.918507404238
631.4784240177966
631.4784240177966
631.4966349870757
631.9533210609784
631.5227628518231
631.9825946970375
631.0950799998365
631.5568066294591
632.019778171538
631.5987650399579
631.5987650399579
632.064870088506
632.5322126184562
632.1178687555035
632.1178687555035
632.1787721839448
632.1787721839448
631.7721108121187
632.2475780894696
632.7242685404125
632.3242838923711
631.4467515159137
631.9272109982288
631.5330553502326
632.0166137056841
631.6272635027718
630.7535176279241
630.7535176279241
630.3681464033538
630.3681464033538
629.9857141237411
629.9857141237411
629.1144569949097
628.7360336421001
627.8662277906019
626.9968101992226
626.1277824853327
625.7555433234292
624.0208329855662
623.6537500889416
622.7880859489848
622.4250958950804
621.5609382836087
622.0651091324766
621.2020605245929
619.9846772300102
619.632955869844
619.2842642922553
617.5670004137203
617.2236223606482
617.7394272668695
615.691481181931
615.691481181931
615.028454626288
614.1766846763234
613.5283204547285
612.6793614934323
612.3610046369706
612.0457499239742
610.8886968998526
610.0442606893372
609.7376485013862
608.8949006191463
608.5926387987288
607.7515939921507
607.4537019394976
606.6143750357388
605.7755359867217
604.9371868219047
603.2619663131433
602.4250990787153
601.5887299476279
600.7528610002619
599.917494327345
598.5323717226997
597.6972477768322
596.8626307618864
596.028522807424
594.6427498927402
583.8852627015003
583.0617463013673
582.8078585606066
581.9862541332054
581.9862541332054
581.7370540029232
580.9173779462963
580.9173779462963
579.2797251760154
579.2797251760154
578.4617532732825
577.6443542526838
576.2508134484498
575.4337494447124
575.4337494447124
574.0400682879201
573.2233421625466
572.6464878090147
571.8295200494637
570.4357983156386
568.2253074265524
566.83154464091
565.4378834142615
564.0443244994137
563.2273075766125
561.8336052604899
561.0169337907724
559.623087443683
558.8067644544042
557.4127734453167
556.5968020030299
555.2026656996525
555.2026656996525
553.5720368660252
552.9927666796375
551.3628569281758
551.3628569281758
549.968180897768
549.1538946415659
548.3402228543881
548.3402228543881
547.5271682756938
546.7147336591543
545.3191725952793
544.5071165742464
543.6956869426132
542.8848865091015
542.8848865091015
542.0747180970535
541.2651845445077
540.4562887042763
540.4562887042763
539.0593659329184
539.0593659329184
538.2508708771403
537.4430202356339
537.4430202356339
536.6358169186996
535.2382647008714
535.2382647008714
533.8408002391724
533.8408002391724
531.8543033576019
531.8543033576019
529.8697953271162
529.8697953271162
528.4732727395019
527.0768444923377
526.4912155012655
525.0952294584288
523.6993412254783
523.1156659860227
521.7202315417718
520.324898500927
520.324898500927
519.7432058237991
518.3483384751995
517.5345399101398
516.9535762522588
515.558920008179
515.558920008179
514.1643706053542
512.7699289154932
511.3755958197458
511.3755958197458
509.9813722088288
509.1659847240387
508.5872589831562
507.7716021992565
507.1932570529699
506.377329666327
504.9831680363218
504.9831680363218
503.5891182303287
503.01192828798804
502.19518117958876
500.8013578256353
500.22494939776846
499.40764912043545
498.01405602653426
497.43843840218057
497.43843840218057
496.0453608290274
495.4714926209176
494.65240320855617
494.0789410610414
492.6865129065337
492.6865129065337
490.7229360851192
490.7229360851192
489.33117619869677
487.93954543570254
487.37049561909265
486.8028348315157
485.9794234327211
485.41219597368996
484.02169372870054
484.02169372870054
482.6313292773274
482.06638546988523
480.67660646218263
480.67660646218263
479.2869704049965
478.72434657117657
478.72434657117657
477.33531191396264
477.33531191396264
476.77457985928737
475.94642555649057
475.3861588224882
475.3861588224882
474.8273370394759
473.99789029066363
473.99789029066363
473.4395420748039
473.4395420748039
473.4395420748039
473.4395420748039
472.88264929049785
472.88264929049785
472.88264929049785
472.88264929049785
471.49549308556493
471.49549308556493
470.9405482648526
470.9405482648526
470.3870746523548
469.83507744739535
469.2845618598592
468.7355331100897
468.187996428785
466.80402740336336
466.2585119866446
465.7145048202815
465.1720111958586
464.6310364149171
462.71049264091687
462.1731277346185
460.25753660315
459.72383014153183
458.66109492739844
458.1320770258289
456.75485766437123
456.228013168854
455.7027539965059
455.7027539965059
455.1790856355331
454.6570135827666
454.1365433435191
454.1365433435191
453.61768043143996
453.61768043143996
453.957046426201
453.957046426201
453.4423888433899
453.4423888433899
453.4423888433899
452.9293543147761
452.9293543147761
452.9293543147761
452.9293543147761
453.27806035589236
453.27806035589236
452.2620921545382
452.2620921545382
452.62014979450487
452.62014979450487
453.3486517019765
452.85096886282577
452.3549491273418
451.8605979724278
452.2388749322641
451.7488240161783
450.7737791841935
451.648093099041
450.6817058634619
450.6817058634619
450.2010661915407
450.2010661915407
450.60071016366584
450.12442724206824
450.12442724206824
449.64986378292167
449.64986378292167
449.17702523615344
450.05888503616944
449.5887009256349
449.5887009256349
450.4719747109691
450.00444442249676
450.00444442249676
450.00444442249676
450.00444442249676
450.00444442249676
450.4242444629285
450.4242444629285
450.8480897153719
450.8480897153719
451.27596878185307
450.81814515389686
451.2527008229424
451.2527008229424
450.7992901502841
450.7992901502841
451.2405123656341
451.2405123656341
451.2394043077355
451.2394043077355
451.6912662427734
451.2493767308715
451.7078701993137
451.7078701993137
451.7355421040058
451.3025592659541
451.7742799230607
451.7742799230607
452.24993090104505
451.82408081021975
451.4000443065995
451.4000443065995
451.88494110780016
451.88494110780016
451.9568563480368
451.9568563480368
452.45220742085013
452.45220742085013
452.9514322750288
452.9514322750288
453.86341557785863
454.77576892354324
455.2812317677943
456.195133687329
457.10939609682055
458.02401683754533
459.85432475948295
460.36941688170384
461.28624518838626
462.2034184209373
464.03879148191913
464.9569872579613
466.794387284166
466.4011149214804
468.2413907377262
470.08297139973064
471.53896975753764
472.4616386543991
474.30791686414005
475.2315225234959
476.6990664979322
477.62432936357
479.0991546642511
479.6519571522668
481.1371945713613
482.06638546988523
483.1935430032152
483.76233834394344
484.9103009835943
485.84462536905767
487.00821348309927
487.94466899434406
489.47012166219093
490.06224094496406
491.0010183288829
491.9400369963803
493.47745642531635
494.0789410610414
495.0202016079748
495.9616920690549
496.90341113741613
497.84535751576516
498.78752991629614
500.6725476796186
501.61539051348893
502.5584543115358
503.50173783215484
504.7771785649585
505.7202784148565
506.66359648192605
507.6071315495873
508.88210815472775
508.88210815472775
509.825460329317
510.76902803517754
511.71281008002916
512.9873292782191
513.9309292113095
514.8747420489764
515.8187666225416
516.7630017716052
517.7074463439752
518.9807318195927
518.9807318195927
519.9249945905659
520.8694654133606
521.8141431582704
521.8141431582704
523.7041149351415
523.7041149351415
524.64940674702
525.9210967436085
526.8662069254394
527.8115193892608
529.0831692654757
530.0283011311755
531.3002917371682
532.245244224878
533.5175723441544
534.4623466625128
535.7350091229805
536.6796064692602
537.6244042079935
539.8416434474095
541.114590451967
542.0590373750815
543.3323108374836
544.2765841004002
545.5501810099599
546.4942817633136
547.768199149969
548.7121285337148
549.0428034315722
549.9863634673136
550.9301226108444
551.2612810637075
552.5368765973906
552.8706901256387
552.8706901256387
554.1479946729032
554.4844452281777
554.8224941366383
555.5033753272792
555.8462017500884
556.5366115539929
556.8841890375413
557.584074378026
558.2902470937496
558.4281511528587
559.1511423577707
559.5149685218439
560.6157329222932
560.0571399419885
561.554983950815
561.9332700597109
563.0772593525688
563.4616224730838
564.0939638039039
564.4864923096035
565.6730504452196
566.0715502478463
566.3611921733338
567.1728131707301
567.5808312478497
568.8136777539725
569.642870577698
570.4778698599973
571.3186501419326
571.2600108532016
572.1136250780959
572.9729487506369
573.8379562210921
574.2725833608984
573.8092017386964
574.2473334722591
574.6868712612113
574.2307898397647
574.6738205277843
574.6694702174459
574.6694702174459
573.330620148619
573.7813172280883
572.4508712544684
572.4508712544684
571.1260806511991
570.2367929202745
568.4593213238745
568.4593213238745
566.6833330882425
565.795899596312
563.1358628253043
562.2499444197393
560.0142855320746
559.128786595718
558.2436743931811
556.0080934662732
555.1234097027435
554.2391180708919
552.8878729001026
552.003623176515
551.1197691972227
549.7681329433345
549.7681329433345
547.5326474284433
547.5326474284433
546.6488818245218
546.1812885846604
545.2971666898701
543.9457693557328
543.9457693557328
542.5946921966708
542.5946921966708
541.2439376103903
539.8935080180164
539.4293280866364
538.0799197145346
537.6178940474359
537.1573326316974
535.809667699268
534.8943820979988
533.5484982642159
532.6405917689714
531.2965273743091
530.8455519263583
530.3960784168752
529.5025967830564
529.0538724931516
528.6066590575642
527.7120426899504
527.2655877259581
525.9248995816798
525.9248995816798
525.480732282355
524.584597562681
524.584597562681
524.141202349138
524.141202349138
524.141202349138
523.2446846361652
523.2446846361652
523.2446846361652
522.8020657954595
521.9051637989415
521.9051637989415
521.9051637989415
521.9051637989415
521.9051637989415
521.9051637989415
521.0086371644908
521.0086371644908
521.0086371644908
521.0086371644908
521.0086371644908
521.0086371644908
520.1124878331609
520.1124878331609
520.1124878331609
520.1124878331609
520.1124878331609
520.1124878331609
520.1124878331609
520.1124878331609
520.1124878331609
520.1124878331609
520.1124878331609
521.0086371644908
521.0086371644908
522.8020657954595
522.8020657954595
527.7309920783505
